-1.88	-0.4	10.68
-1.93	-0.4	10.6
-1.88	-0.31	10.66
-1.83	-0.36	10.69
-1.84	-0.3	10.68
-1.89	-0.18	10.69
-1.82	-0.17	10.73
-1.84	-0.1	10.51
-1.9	-0.08	10.73
-1.85	0	10.62
-1.79	-0.2	10.72
-1.82	-0.22	10.55
-1.79	-0.26	10.72
-1.85	-0.73	10.97
-1.65	-0.56	10.41
-1.73	-0.41	10.98
-1.74	-0.28	10.21
-1.77	-0.53	10.86
-2.12	-0.92	10.91
-1.89	-0.19	10.43
-2.41	1.09	11.06
-1.96	1.56	10.37
-2.38	0.77	10.47
-2.36	0.73	10.54
-2.25	0.47	10.52
-2.19	0.32	10.67
-2.24	0.11	10.6
-2.2	0.03	10.55
-2.2	0.18	10.7
-2.16	0.21	11.08
-2.26	0.39	10.64
-2.46	0.21	10.42
-2.42	0.08	10.45
-2.34	-0.09	10.68
-2.54	-0.03	10.59
-2.65	0.03	10.4
-2.65	-0.12	10.42
-2.64	-0.28	10.44
-2.68	-0.42	10.42
-2.82	-0.44	10.44
-2.8	-0.41	10.34
-2.87	-0.43	10.44
-2.92	-0.38	10.47
-3	-0.38	10.42
-3	-0.59	10.38
-3.01	-0.54	10.13
-3.12	-0.73	10.25
-3.12	-0.81	10.25
-3.16	-0.92	10.15
-3.23	-0.85	10.36
-3.36	-0.69	10.02
-3.41	-0.86	10.18
-3.43	-0.92	10.14
-3.47	-0.92	10.02
-3.45	-1.06	10.01
-3.5	-1.1	10.02
-3.46	-1.14	10.02
-3.54	-1.11	10.07
-3.54	-0.99	10.03
-3.64	-1.01	9.9
-3.63	-1.14	9.91
-3.57	-1.28	10.11
-3.61	-1.18	9.79
-3.66	-1.06	10.13
-3.63	-1.07	9.97
-3.55	-1.19	10.22
-3.63	-1.19	9.96
-3.61	-1.26	9.89
-3.57	-1.25	10.27
-3.64	-1.15	9.98
-3.65	-1.15	9.83
-3.54	-1.24	10.19
-3.58	-1.09	10.08
-3.57	-1.16	9.98
-3.58	-1.21	9.88
-3.53	-1.25	10.18
-3.47	-1.02	10.21
-3.59	-1.01	9.99
-3.47	-1.12	10.1
-3.42	-1.17	10.03
-3.49	-1.1	10.28
-3.46	-1.04	10.27
-3.52	-1.04	9.93
-3.48	-1.19	10.06
-3.44	-1.06	10.26
-3.5	-0.93	10.11
-3.49	-0.98	10.08
-3.42	-1.09	10
-3.41	-1.14	10.09
-3.43	-1.08	10.14
-3.38	-1.06	10.2
-3.32	-1.02	10.35
-3.39	-0.89	10.22
-3.35	-0.97	10.02
-3.33	-1.12	9.87
-3.31	-1.27	9.81
-3.3	-1.15	10.15
-3.3	-0.91	10.27
-3.27	-0.58	10.16
-3.24	-0.81	10.15
-3.12	-0.99	10.33
-3.1	-0.93	10.16
-3.02	-0.78	10.25
-3.01	-0.68	10.34
-3.01	-0.59	10.31
-2.91	-0.64	10.46
-2.89	-0.49	10.33
-2.78	-0.47	10.53
-2.79	-0.51	10.38
-2.68	-0.53	10.3
-2.7	-0.47	10.43
-2.65	-0.33	10.49
-2.58	-0.31	10.55
-2.58	-0.32	10.52
-2.62	-0.26	10.41
-2.46	-0.31	10.47
-2.5	-0.34	10.48
-2.55	-0.09	10.48
-2.54	-0.06	10.46
-2.49	-0.06	10.64
-2.4	-0.07	10.65
-2.36	-0.08	10.59
-2.43	-0.09	10.51
-2.38	-0.11	10.52
-2.34	-0.04	10.62
-2.4	0.07	10.55
-2.35	0.08	10.57
-2.3	0.01	10.55
-2.32	0.06	10.56
-2.33	0.07	10.62
-2.27	0.13	10.52
-2.26	0.1	10.57
-2.27	0.1	10.56
-2.19	0.11	10.63
-2.28	0.17	10.5
-2.25	0.22	10.64
-2.27	0.17	10.4
-2.31	0.16	10.54
-2.17	0.12	10.56
-2.25	0.16	10.73
-2.21	0.19	10.59
-2.23	0.16	10.52
-2.22	0.14	10.78
-2.21	0.24	10.52
-2.17	0.15	10.56
-2.2	0.19	10.43
-2.18	0.21	10.74
-2.2	0.34	10.67
-2.16	0.29	10.63
-2.18	0.17	10.64
-2.14	0.16	10.47
-2.21	0.23	10.61
-2.2	0.25	10.61
-2.13	0.31	10.6
-2.2	0.24	10.59
-2.12	0.27	10.59
-2.08	0.26	10.65
-2.14	0.28	10.63
-2.15	0.29	10.72
-2.12	0.29	10.52
-2.19	0.3	10.68
-2.14	0.34	10.63
-2.16	0.29	10.64
-2.16	0.31	10.6
-2.24	0.24	10.51
-2.3	0.23	10.63
-2.34	0.19	10.62
-2.4	0.1	10.62
-2.41	-0.01	10.46
-2.51	0.09	10.31
-2.45	0.05	10.47
-2.57	-0.1	10.53
-2.55	-0.16	10.44
-2.66	-0.14	10.39
-2.65	-0.24	10.47
-2.77	-0.18	10.47
-2.85	-0.27	10.35
-2.85	-0.32	10.48
-2.87	-0.4	10.45
-2.92	-0.48	10.33
-3	-0.46	10.33
-3.03	-0.54	10.31
-3.02	-0.58	10.23
-3.13	-0.65	10.12
-3.14	-0.68	10.24
-3.22	-0.59	10.23
-3.26	-0.66	10.18
-3.24	-0.7	10.34
-3.19	-0.79	10.2
-3.26	-0.77	10.14
-3.31	-0.73	10.23
-3.28	-0.83	10.28
-3.31	-0.77	10.02
-3.39	-0.84	10.14
-3.31	-0.96	9.98
-3.32	-0.97	10.1
-3.39	-0.87	10.08
-3.39	-0.81	10.12
-3.36	-0.83	10.1
-3.34	-0.93	10.16
-3.35	-1.04	9.96
-3.33	-0.98	10.18
-3.34	-0.85	10.06
-3.36	-0.79	10.24
-3.32	-0.9	10.22
-3.32	-0.92	10.1
-3.39	-0.97	10.25
-3.36	-0.91	10.14
-3.39	-0.99	9.95
-3.35	-0.88	10.26
-3.3	-0.77	10.06
-3.31	-0.91	10.37
-3.29	-0.9	10.21
-3.31	-0.92	10.15
-3.29	-0.91	10.1
-3.26	-0.86	10.16
-3.28	-0.94	10.28
-3.21	-0.86	10.17
-3.24	-0.76	9.95
-3.17	-0.75	10.25
-3.08	-0.71	10.25
-2.99	-0.68	10.18
-2.93	-0.61	10.44
-2.9	-0.54	10.4
-2.89	-0.44	10.48
-2.85	-0.52	10.29
-2.77	-0.48	10.32
-2.71	-0.42	10.56
-2.72	-0.29	10.43
-2.77	-0.27	10.39
-2.69	-0.38	10.5
-2.67	-0.3	10.53
-2.58	-0.34	10.39
-2.53	-0.3	10.43
-2.54	-0.26	10.4
-2.57	-0.21	10.62
-2.56	-0.09	10.5
-2.43	0	10.59
-2.43	-0.08	10.64
-2.33	-0.19	10.55
-2.4	-0.13	10.48
-2.4	-0.02	10.54
-2.4	-0.05	10.51
-2.29	-0.02	10.54
-2.32	-0.01	10.61
-2.38	0.05	10.62
-2.31	0	10.55
-2.25	0.07	10.55
-2.26	0	10.55
-2.34	0.09	10.6
-2.28	0.14	10.58
-2.28	0.14	10.6
-2.3	0.09	10.52
-2.27	0.16	10.61
-2.26	0.22	10.59
-2.18	0.16	10.55
-2.23	0.09	10.44
-2.26	0.16	10.61
-2.23	0.25	10.57
-2.24	0.22	10.56
-2.18	0.12	10.55
-2.2	0.12	10.62
-2.14	0.18	10.6
-2.2	0.21	10.6
-2.21	0.22	10.49
-2.21	0.12	10.62
-2.14	0.2	10.6
-2.17	0.19	10.6
-2.21	0.26	10.59
-2.14	0.22	10.6
-2.13	0.23	10.49
-2.14	0.27	10.58
-2.17	0.24	10.59
-2.12	0.23	10.62
-2.13	0.18	10.58
-2.21	0.24	10.64
-2.11	0.27	10.62
-2.18	0.25	10.56
-2.12	0.25	10.52
-2.13	0.21	10.62
-2.15	0.3	10.63
-2.22	0.26	10.57
-2.21	0.19	10.63
-2.18	0.09	10.61
-2.24	0.16	10.52
-2.36	0.2	10.51
-2.32	0.17	10.5
-2.34	0.05	10.62
-2.48	0.08	10.62
-2.56	0.08	10.44
-2.52	-0.1	10.59
-2.63	-0.11	10.51
-2.7	-0.23	10.38
-2.73	-0.27	10.32
-2.77	-0.34	10.43
-2.73	-0.35	10.46
-2.89	-0.39	10.27
-2.9	-0.5	10.38
-2.99	-0.39	10.4
-2.99	-0.51	10.22
-3.04	-0.65	10.29
-3.14	-0.55	10.1
-3.19	-0.7	10.42
-3.2	-0.62	10.19
-3.22	-0.67	10.22
-3.19	-0.69	10.23
-3.22	-0.79	10.37
-3.3	-0.81	10.21
-3.26	-0.78	10.05
-3.29	-0.94	10.34
-3.3	-0.78	10.08
-3.4	-0.89	10.08
-3.24	-0.79	10.3
-3.34	-0.9	9.92
-3.31	-1	10.01
-3.3	-0.87	10.56
-3.36	-0.72	10.12
-3.3	-0.82	10.06
-3.31	-0.83	10.27
-3.24	-0.88	10.28
-3.23	-0.89	10.25
-3.34	-0.76	10.12
-3.28	-0.87	10.24
-3.3	-0.78	10.23
-3.31	-0.84	10.21
-3.29	-0.9	10.15
-3.34	-0.91	10.12
-3.3	-0.99	10.2
-3.27	-0.9	10.21
-3.28	-0.85	10.16
-3.21	-0.95	10.32
-3.22	-0.86	10.1
-3.2	-0.93	10.13
-3.19	-0.96	10.32
-3.17	-0.95	10.26
-3.25	-0.89	10.18
-3.26	-0.92	10.25
-3.24	-0.91	10.18
-3.21	-0.91	10.12
-3.24	-0.87	10.15
-3.21	-0.9	10.29
-3.14	-0.9	10.14
-3.14	-0.96	10.14
-3.13	-0.82	10.05
-3.05	-0.88	10.34
-3.1	-0.64	10.5
-2.96	-0.49	10.31
-2.97	-0.58	10.34
-2.86	-0.75	10.37
-2.85	-0.7	10.42
-2.81	-0.49	10.45
-2.81	-0.44	10.35
-2.76	-0.4	10.47
-2.71	-0.38	10.54
-2.66	-0.38	10.44
-2.68	-0.43	10.49
-2.7	-0.41	10.48
-2.53	-0.4	10.37
-2.57	-0.39	10.51
-2.61	-0.3	10.53
-2.53	-0.24	10.42
-2.51	-0.11	10.5
-2.51	-0.19	10.55
-2.5	-0.08	10.44
-2.46	-0.1	10.48
-2.44	-0.2	10.55
-2.45	-0.01	10.6
-2.4	-0.05	10.62
-2.36	-0.03	10.53
-2.4	-0.04	10.49
-2.41	-0.06	10.45
-2.37	0.03	10.46
-2.37	0.03	10.56
-2.36	0.07	10.57
-2.3	0.06	10.52
-2.34	0.01	10.57
-2.33	0.05	10.54
-2.36	0.05	10.5
-2.33	0.01	10.55
-2.3	0.05	10.57
-2.35	0.11	10.49
-2.33	0.05	10.47
-2.22	0.07	10.61
-2.26	0.18	10.51
-2.27	0.07	10.58
-2.29	0.12	10.47
-2.27	0.11	10.55
-2.29	0.21	10.53
-2.31	0.2	10.54
-2.26	0.11	10.53
-2.25	0.08	10.6
-2.24	0.17	10.59
-2.26	0.21	10.63
-2.23	0.15	10.5
-2.15	0.19	10.61
-2.22	0.18	10.63
-2.19	0.17	10.59
-2.17	0.2	10.58
-2.21	0.16	10.54
-2.18	0.19	10.52
-2.17	0.19	10.63
-2.2	0.17	10.54
-2.23	0.23	10.58
-2.14	0.26	10.63
-2.19	0.29	10.51
-2.17	0.16	10.53
-2.23	0.25	10.7
-2.26	0.2	10.63
-2.23	0.3	10.78
-2.27	0.2	10.51
-2.33	0.2	10.51
-2.27	0.09	10.65
-2.3	0.18	10.73
-2.42	0.11	10.59
-2.52	0.19	10.53
-2.45	-0.05	10.55
-2.46	-0.04	10.45
-2.5	-0.16	10.61
-2.57	-0.23	10.51
-2.77	-0.21	10.38
-2.79	-0.22	10.39
-2.81	-0.29	10.46
-2.87	-0.42	10.54
-2.92	-0.28	10.4
-3.03	-0.35	10.4
-3.07	-0.52	10.26
-3.09	-0.71	10.16
-3.09	-0.71	10.33
-3.27	-0.46	10.21
-3.33	-0.46	10.03
-3.34	-0.67	10.01
-3.31	-0.96	10.12
-3.28	-0.95	10.15
-3.39	-0.9	10.01
-3.4	-0.9	10.2
-3.45	-0.89	10.1
-3.44	-0.89	10.15
-3.44	-0.91	9.94
-3.45	-0.98	10.09
-3.45	-1.09	10.32
-3.46	-0.97	10.07
-3.47	-1.03	10.1
-3.48	-0.93	10.32
-3.43	-1	9.85
-3.46	-1	10.08
-3.42	-1.05	10.21
-3.42	-0.91	10.11
-3.42	-0.92	10.19
-3.43	-0.91	10.08
-3.37	-0.98	10.09
-3.39	-0.92	10.11
-3.41	-1.04	10.25
-3.39	-0.91	10.19
-3.42	-0.85	10.17
-3.37	-0.91	10.14
-3.27	-0.87	10.19
-3.3	-0.97	10.21
-3.3	-0.9	10.13
-3.34	-0.84	10.15
-3.25	-0.93	10.17
-3.31	-0.9	10.17
-3.33	-0.85	10.19
-3.26	-0.87	10.18
-3.25	-0.91	10.12
-3.22	-0.9	10.04
-3.27	-0.84	10.3
-3.21	-0.81	10.05
-3.18	-0.83	10.16
-3.2	-0.87	9.94
-3.08	-0.91	10.24
-2.99	-0.74	10.32
-2.99	-0.56	10.41
-2.94	-0.54	10.38
-2.87	-0.5	10.35
-2.8	-0.58	10.33
-2.76	-0.53	10.55
-2.76	-0.4	10.36
-2.74	-0.35	10.36
-2.74	-0.3	10.45
-2.7	-0.34	10.52
-2.64	-0.28	10.53
-2.61	-0.28	10.47
-2.57	-0.23	10.49
-2.53	-0.15	10.53
-2.48	-0.21	10.49
-2.55	-0.29	10.61
-2.4	-0.08	10.64
-2.42	-0.13	10.49
-2.47	-0.07	10.37
-2.4	-0.14	10.62
-2.38	0	10.6
-2.42	0.03	10.53
-2.34	-0.01	10.57
-2.37	-0.04	10.56
-2.35	0.04	10.62
-2.29	0.09	10.48
-2.29	0	10.56
-2.26	0.1	10.58
-2.26	0.1	10.74
-2.26	0.15	10.59
-2.3	0.15	10.61
-2.2	0.11	10.57
-2.21	0.13	10.49
-2.28	0.17	10.61
-2.25	0.12	10.55
-2.21	0.17	10.69
-2.16	0.23	10.67
-2.21	0.17	10.62
-2.19	0.11	10.47
-2.18	0.11	10.55
-2.16	0.28	10.6
-2.2	0.26	10.62
-2.17	0.17	10.55
-2.18	0.21	10.49
-2.18	0.26	10.63
-2.22	0.28	10.54
-2.17	0.26	10.61
-2.14	0.2	10.63
-2.12	0.22	10.56
-2.16	0.21	10.62
-2.09	0.25	10.58
-2.16	0.19	10.61
-2.2	0.18	10.55
-2.12	0.26	10.64
-2.19	0.26	10.59
-2.2	0.31	10.59
-2.22	0.2	10.63
-2.2	0.2	10.57
-2.23	0.17	10.57
-2.25	0.25	10.53
-2.31	0.27	10.55
-2.34	0.29	10.57
-2.35	0.16	10.53
-2.25	0.07	10.61
-2.4	0.07	10.55
-2.47	0.03	10.56
-2.49	0.07	10.48
-2.55	-0.06	10.57
-2.61	-0.03	10.6
-2.71	-0.1	10.38
-2.69	-0.2	10.44
-2.72	-0.24	10.38
-2.76	-0.35	10.42
-2.79	-0.24	10.27
-2.85	-0.42	10.38
-2.94	-0.28	10.33
-2.99	-0.38	10.34
-3.04	-0.42	10.17
-3.04	-0.49	10.18
-3.01	-0.51	10.24
-3.14	-0.62	10.15
-3.16	-0.62	10.38
-3.2	-0.57	10.31
-3.2	-0.62	10.22
-3.27	-0.73	10.12
-3.27	-0.7	10.16
-3.33	-0.73	10.09
-3.33	-0.76	10.32
-3.34	-0.68	10.18
-3.34	-0.81	10.16
-3.32	-0.78	10.05
-3.38	-0.9	10.11
-3.35	-0.85	10.18
-3.33	-0.87	9.99
-3.4	-0.87	10.15
-3.39	-0.82	10.1
-3.35	-0.96	10.15
-3.31	-0.89	10.4
-3.33	-0.71	10.05
-3.43	-0.86	9.98
-3.35	-0.89	10.34
-3.38	-0.8	10.15
-3.31	-0.89	10.17
-3.33	-0.75	10.13
-3.35	-0.89	10.15
-3.32	-0.63	10.17
-3.29	-0.8	10.39
-3.27	-0.78	10.25
-3.31	-0.82	10.01
-3.29	-0.8	10.24
-3.31	-0.86	10.19
-3.27	-0.89	10.21
-3.28	-0.82	10.11
-3.27	-0.77	10.16
-3.31	-0.79	10.14
-3.25	-0.75	10.37
-3.19	-0.75	10.17
-3.21	-0.84	10.32
-3.17	-0.74	10.28
-3.15	-0.72	10.18
-3.19	-0.76	10.31
-3.15	-0.76	10.23
-3.11	-0.8	10.14
-3.11	-0.74	10.12
-3.08	-0.6	10.34
-3	-0.54	10.33
-3	-0.62	10.34
-2.95	-0.6	10.28
-2.85	-0.56	10.27
-2.76	-0.56	10.53
-2.78	-0.36	10.41
-2.78	-0.37	10.5
-2.77	-0.25	10.45
-2.68	-0.4	10.48
-2.65	-0.29	10.45
-2.57	-0.36	10.64
-2.58	-0.28	10.45
-2.55	-0.18	10.33
-2.51	-0.24	10.48
-2.46	-0.15	10.55
-2.46	-0.01	10.51
-2.4	-0.01	10.55
-2.35	-0.12	10.58
-2.44	-0.07	10.55
-2.35	-0.08	10.66
-2.34	0.11	10.59
-2.34	0.05	10.58
-2.28	0.02	10.57
-2.3	0.11	10.61
-2.29	0.11	10.62
-2.28	0.11	10.56
-2.23	0.07	10.6
-2.21	0.12	10.58
-2.14	0.12	10.55
-2.26	0.18	10.69
-2.23	0.16	10.69
-2.22	0.13	10.49
-2.19	0.18	10.55
-2.16	0.14	10.62
-2.22	0.21	10.65
-2.19	0.3	10.68
-2.14	0.25	10.69
-2.15	0.16	10.57
-2.11	0.13	10.58
-2.14	0.25	10.55
-2.15	0.35	10.56
-2.15	0.22	10.57
-2.06	0.24	10.6
-2.09	0.25	10.68
-2.14	0.29	10.56
-2.09	0.29	10.69
-2.13	0.23	10.54
-2.16	0.27	10.65
-2.12	0.24	10.6
-2.09	0.27	10.65
-2.1	0.29	10.64
-2.1	0.2	10.56
-2.08	0.25	10.58
-2.11	0.28	10.51
-2.11	0.31	10.58
-2.11	0.38	10.63
-2.09	0.29	10.71
-2.11	0.2	10.66
-2.07	0.24	10.59
-2.07	0.38	10.59
-2.08	0.31	10.59
-2.08	0.29	10.56
-2.08	0.32	10.68
-2.13	0.34	10.63
-2.18	0.24	10.6
-2.16	0.17	10.73
-2.29	0.22	10.61
-2.25	0.25	10.59
-2.39	0.13	10.53
-2.4	0.09	10.48
-2.52	0.01	10.58
-2.48	0	10.63
-2.5	0.01	10.56
-2.6	-0.05	10.46
-2.62	-0.23	10.36
-2.64	-0.17	10.47
-2.65	-0.16	10.42
-2.89	-0.29	10.47
-2.89	-0.34	10.44
-2.78	-0.36	10.25
-2.9	-0.35	10.42
-3	-0.3	10.45
-2.94	-0.43	10.4
-3.04	-0.58	10.34
-3.03	-0.56	10.32
-3.25	-0.57	10.49
-3.13	-0.51	10.24
-3.12	-0.58	10.25
-3.25	-0.68	10.31
-3.07	-0.7	10.27
-3.27	-0.64	10.15
-3.23	-0.66	10.1
-3.22	-0.68	10.23
-3.27	-0.74	10.24
-3.23	-0.81	10.38
-3.23	-0.71	10.19
-3.3	-0.73	10.01
-3.17	-0.82	10.29
-3.3	-0.79	10.18
-3.28	-0.72	10.04
-3.32	-0.73	10.2
-3.28	-0.72	10.26
-3.27	-0.78	10.3
-3.22	-0.77	10.02
-3.22	-0.87	10.21
-3.24	-0.78	10.29
-3.3	-0.75	10.05
-3.29	-0.74	10.26
-3.27	-0.76	10.15
-3.25	-0.84	10.19
-3.22	-0.66	10.21
-3.26	-0.77	10.21
-3.21	-0.79	10.18
-3.18	-0.82	10.18
-3.15	-0.65	10.2
-3.21	-0.68	10.35
-3.21	-0.64	10.23
-3.18	-0.71	10.16
-3.22	-0.78	10.26
-3.17	-0.68	10.15
-3.21	-0.68	10.21
-3.14	-0.69	10.13
-3.09	-0.8	10.12
-3.06	-0.73	10.23
-3.1	-0.68	10.25
-3.03	-0.65	10.28
-2.99	-0.69	10.26
-2.94	-0.62	10.2
-2.9	-0.58	10.34
-2.87	-0.51	10.48
-2.82	-0.41	10.38
-2.71	-0.36	10.51
-2.7	-0.32	10.5
-2.66	-0.36	10.53
-2.62	-0.34	10.38
-2.64	-0.37	10.46
-2.64	-0.17	10.51
-2.61	-0.15	10.48
-2.62	-0.19	10.41
-2.54	-0.22	10.52
-2.53	-0.12	10.53
-2.45	-0.13	10.53
-2.46	-0.15	10.45
-2.45	-0.09	10.55
-2.5	-0.02	10.54
-2.39	0	10.45
-2.38	-0.04	10.47
-2.28	-0.02	10.58
-2.36	0.03	10.5
-2.38	0.01	10.6
-2.32	0.08	10.48
-2.26	0.07	10.59
-2.22	0.15	10.77
-2.26	0.15	10.47
-2.28	0.1	10.52
-2.21	0.13	10.44
-2.26	0.17	10.65
-2.21	0.24	10.59
-2.2	0.17	10.6
-2.13	0.15	10.59
-2.21	0.1	10.48
-2.2	0.2	10.52
-2.18	0.23	10.58
-2.14	0.22	10.58
-2.04	0.18	10.58
-2.14	0.24	10.58
-2.1	0.25	10.6
-2.06	0.23	10.61
-2.14	0.23	10.61
-2.16	0.2	10.66
-2.12	0.29	10.59
-2.15	0.29	10.53
-2.15	0.27	10.58
-2.13	0.32	10.59
-2.12	0.23	10.67
-2.09	0.29	10.53
-2.11	0.23	10.56
-2.06	0.36	10.65
-2.1	0.34	10.69
-2.13	0.25	10.67
-2.06	0.23	10.67
-2.11	0.32	10.64
-2.11	0.35	10.61
-2.07	0.4	10.57
-2.08	0.31	10.67
-2.08	0.28	10.65
-2.08	0.3	10.6
-2.09	0.32	10.72
-2.02	0.26	10.76
-2.13	0.29	10.68
-2.12	0.34	10.69
-2.19	0.29	10.65
-2.26	0.29	10.57
-2.22	0.24	10.57
-2.28	0.21	10.52
-2.28	0.21	10.62
-2.34	0.09	10.55
-2.46	0.08	10.54
-2.55	-0.01	10.44
-2.52	-0.06	10.47
-2.55	-0.13	10.46
-2.59	-0.09	10.47
-2.71	-0.21	10.32
-2.7	-0.1	10.41
-2.79	-0.26	10.51
-2.74	-0.29	10.39
-2.88	-0.4	10.38
-2.89	-0.47	10.26
-2.87	-0.43	10.43
-2.94	-0.44	10.26
-2.99	-0.49	10.33
-3.04	-0.51	10.3
-3.04	-0.62	10.21
-3.04	-0.67	10.26
-3.09	-0.7	10.23
-3.09	-0.64	10.19
-3.16	-0.69	10.22
-3.14	-0.72	10.33
-3.17	-0.74	10.12
-3.19	-0.72	10.11
-3.23	-0.75	10.25
-3.22	-0.72	10.3
-3.19	-0.77	10.2
-3.19	-0.71	10.2
-3.22	-0.73	10.41
-3.23	-0.67	10.3
-3.22	-0.79	10.11
-3.21	-0.75	10.21
-3.25	-0.78	10.22
-3.2	-0.75	10.34
-3.27	-0.75	10.2
-3.19	-0.77	10.11
-3.24	-0.75	10.23
-3.24	-0.8	10.2
-3.26	-0.77	10.09
-3.25	-0.73	10.1
-3.16	-0.75	10.28
-3.18	-0.72	10.24
-3.16	-0.71	10.24
-3.2	-0.7	10.26
-3.23	-0.76	10.24
-3.22	-0.71	10.32
-3.11	-0.75	10.28
-3.19	-0.73	10.23
-3.16	-0.68	10.11
-3.11	-0.74	10.31
-3.17	-0.69	10.18
-3.07	-0.73	10.25
-3.08	-0.68	10.16
-3.09	-0.63	10.13
-3.01	-0.66	10.31
-2.95	-0.64	10.53
-3	-0.45	10.27
-2.96	-0.5	10.26
-2.82	-0.59	10.38
-2.74	-0.49	10.44
-2.76	-0.42	10.5
-2.77	-0.36	10.39
-2.71	-0.31	10.43
-2.69	-0.31	10.45
-2.6	-0.37	10.38
-2.6	-0.24	10.5
-2.62	-0.12	10.44
-2.57	-0.12	10.47
-2.51	-0.21	10.42
-2.48	-0.21	10.53
-2.53	-0.1	10.46
-2.46	-0.03	10.46
-2.42	-0.13	10.65
-2.4	-0.08	10.58
-2.38	0.02	10.58
-2.31	-0.02	10.65
-2.36	-0.01	10.6
-2.31	0.06	10.51
-2.34	0.02	10.53
-2.32	0.08	10.65
-2.28	0.05	10.52
-2.36	0.1	10.63
-2.25	0.09	10.6
-2.21	0.11	10.54
-2.24	0.11	10.51
-2.23	0.06	10.65
-2.24	0.14	10.51
-2.21	0.22	10.6
-2.25	0.18	10.58
-2.18	0.18	10.58
-2.19	0.15	10.63
-2.21	0.24	10.65
-2.23	0.21	10.59
-2.13	0.18	10.57
-2.16	0.22	10.55
-2.16	0.26	10.6
-2.17	0.21	10.63
-2.17	0.2	10.6
-2.17	0.2	10.66
-2.13	0.24	10.54
-2.15	0.25	10.49
-2.15	0.28	10.62
-2.11	0.25	10.63
-2.14	0.32	10.61
-2.14	0.23	10.59
-2.14	0.29	10.52
-2.18	0.21	10.6
-2.15	0.3	10.65
-2.16	0.38	10.51
-2.08	0.23	10.59
-2.14	0.24	10.56
-2.11	0.25	10.55
-2.11	0.32	10.61
-2.09	0.27	10.61
-2.12	0.23	10.62
-2.09	0.29	10.66
-2.05	0.3	10.66
-2.06	0.3	10.7
-2.11	0.24	10.62
-2.09	0.32	10.6
-2.17	0.29	10.66
-2.23	0.29	10.59
-2.22	0.31	10.55
-2.2	0.25	10.67
-2.27	0.17	10.61
-2.32	0.21	10.63
-2.34	0.1	10.54
-2.4	0.07	10.44
-2.47	0.06	10.52
-2.51	0.03	10.55
-2.5	-0.08	10.55
-2.62	-0.04	10.38
-2.64	-0.02	10.27
-2.7	-0.15	10.49
-2.75	-0.09	10.51
-2.79	-0.33	10.42
-2.83	-0.25	10.28
-2.9	-0.43	10.26
-2.92	-0.29	10.39
-3	-0.35	10.25
-2.96	-0.44	10.3
-2.99	-0.48	10.35
-2.98	-0.56	10.31
-3.08	-0.5	10.11
-3.08	-0.61	10.31
-3.09	-0.59	10.33
-3.14	-0.58	10.28
-3.24	-0.61	10.25
-3.24	-0.65	10.1
-3.3	-0.72	10.21
-3.3	-0.75	10.13
-3.29	-0.67	10.26
-3.28	-0.79	10.18
-3.34	-0.83	10.07
-3.37	-0.77	10.21
-3.27	-0.79	10.27
-3.32	-0.71	10.09
-3.4	-0.78	10.1
-3.37	-0.88	10
-3.31	-0.86	10.27
-3.31	-0.8	10.15
-3.38	-0.82	10.17
-3.27	-0.71	10.2
-3.3	-0.79	10.19
-3.32	-0.79	10.08
-3.31	-0.79	10.26
-3.23	-0.78	10.29
-3.18	-0.8	10.25
-3.27	-0.68	10.15
-3.21	-0.64	10.25
-3.3	-0.75	10.29
-3.16	-0.8	10.36
-3.25	-0.75	10.1
-3.26	-0.75	10.07
-3.16	-0.68	10.2
-3.13	-0.63	10.19
-3.21	-0.68	10.05
-3.11	-0.73	10.11
-3.05	-0.67	10.34
-2.97	-0.63	10.35
-2.95	-0.44	10.29
-2.9	-0.58	10.44
-2.79	-0.47	10.54
-2.77	-0.44	10.48
-2.76	-0.36	10.43
-2.75	-0.31	10.58
-2.69	-0.28	10.46
-2.66	-0.23	10.41
-2.64	-0.22	10.46
-2.6	-0.29	10.42
-2.47	-0.22	10.54
-2.57	-0.08	10.48
-2.44	-0.08	10.51
-2.45	-0.18	10.43
-2.44	-0.05	10.47
-2.38	-0.02	10.61
-2.38	0	10.6
-2.43	0.02	10.57
-2.4	0	10.51
-2.37	0.07	10.51
-2.37	-0.04	10.62
-2.34	0.11	10.62
-2.38	0.13	10.55
-2.25	0.05	10.57
-2.3	0.11	10.64
-2.31	0.17	10.43
-2.31	0.07	10.55
-2.29	0.11	10.69
-2.26	0.11	10.51
-2.31	0.13	10.4
-2.23	0.12	10.61
-2.27	0.24	10.52
-2.24	0.22	10.55
-2.18	0.2	10.64
-2.22	0.06	10.56
-2.21	0.12	10.55
-2.2	0.23	10.61
-2.19	0.21	10.63
-2.21	0.24	10.59
-2.17	0.19	10.6
-2.16	0.17	10.6
-2.17	0.18	10.66
-2.22	0.21	10.58
-2.2	0.21	10.52
-2.16	0.24	10.57
-2.14	0.21	10.64
-2.17	0.24	10.55
-2.17	0.29	10.62
-2.08	0.29	10.51
-2.12	0.18	10.62
-2.12	0.25	10.44
-2.15	0.26	10.61
-2.15	0.36	10.68
-2.15	0.29	10.59
-2.15	0.26	10.6
-2.15	0.12	10.55
-2.14	0.29	10.45
-2.13	0.28	10.75
-2.14	0.31	10.72
-2.2	0.35	10.62
-2.21	0.33	10.55
-2.23	0.2	10.69
-2.29	0.2	10.58
-2.37	0.19	10.6
-2.4	0.13	10.56
-2.43	0.03	10.59
-2.51	0	10.57
-2.54	-0.02	10.46
-2.66	-0.1	10.45
-2.73	-0.14	10.48
-2.71	-0.12	10.39
-2.75	-0.25	10.42
-2.92	-0.31	10.31
-2.94	-0.29	10.42
-2.98	-0.35	10.42
-3.11	-0.42	10.27
-3	-0.51	10.24
-3.03	-0.49	10.41
-3.16	-0.4	10.25
-3.19	-0.65	10.19
-3.17	-0.58	10.29
-3.25	-0.64	10.07
-3.28	-0.68	10.22
-3.27	-0.67	10.17
-3.29	-0.71	10.23
-3.32	-0.74	10.04
-3.3	-0.84	10.01
-3.33	-0.96	10.07
-3.4	-0.78	10.06
-3.36	-0.76	10.2
-3.4	-0.75	10.08
-3.42	-0.82	10.12
-3.36	-0.93	10.18
-3.38	-0.89	10.13
-3.4	-0.74	10.09
-3.37	-0.92	10.04
-3.42	-0.93	10.18
-3.36	-0.76	10
-3.35	-0.7	10.19
-3.33	-0.78	10.2
-3.38	-0.82	10
-3.39	-0.85	10.15
-3.41	-0.84	10.18
-3.35	-0.87	10.2
-3.37	-0.86	10.14
-3.4	-0.73	10.11
-3.33	-0.76	10.1
-3.29	-0.85	10.12
-3.32	-0.83	10.17
-3.3	-0.78	10.1
-3.3	-0.78	10.12
-3.2	-0.78	10.25
-3.22	-0.64	10.05
-3.19	-0.7	10.15
-3.15	-0.66	10.35
-3.12	-0.63	10.39
-3.06	-0.64	10.29
-3.06	-0.72	10.26
-3.02	-0.67	10.38
-2.97	-0.56	10.28
-2.92	-0.5	10.24
-2.96	-0.49	10.33
-2.9	-0.63	10.37
-2.82	-0.47	10.4
-2.81	-0.44	10.45
-2.78	-0.34	10.36
-2.7	-0.35	10.49
-2.63	-0.31	10.47
-2.66	-0.26	10.39
-2.63	-0.22	10.45
-2.47	-0.1	10.54
-2.52	-0.11	10.51
-2.49	-0.09	10.41
-2.45	-0.09	10.44
-2.39	-0.12	10.61
-2.44	0.04	10.63
-2.4	0.1	10.67
-2.3	0.08	10.48
-2.37	0.02	10.56
-2.38	0.06	10.55
-2.31	0.21	10.54
-2.29	0.12	10.56
-2.28	0.11	10.58
-2.22	0.13	10.59
-2.3	0.11	10.47
-2.23	0.1	10.67
-2.3	0.21	10.6
-2.27	0.16	10.57
-2.21	0.16	10.57
-2.28	0.28	10.58
-2.19	0.2	10.61
-2.15	0.26	10.56
-2.2	0.37	10.6
-2.18	0.28	10.61
-2.15	0.26	10.64
-2.2	0.39	10.61
-2.2	0.42	10.57
-2.08	0.35	10.72
-2.11	0.32	10.49
-2.15	0.33	10.59
-2.14	0.37	10.65
-2.13	0.4	10.62
-2.1	0.29	10.62
-2.1	0.39	10.63
-2.09	0.39	10.59
-2.07	0.33	10.64
-2.09	0.29	10.68
-2.11	0.37	10.55
-2.06	0.33	10.62
-2.09	0.34	10.67
-2.13	0.37	10.6
-2.12	0.39	10.67
-2.07	0.42	10.49
-2.11	0.38	10.59
-2.07	0.37	10.55
-2.15	0.41	10.65
-2.19	0.47	10.67
-2.13	0.38	10.6
-2.13	0.33	10.56
-2.13	0.32	10.61
-2.11	0.38	10.51
-2.14	0.38	10.69
-2.2	0.44	10.55
-2.24	0.42	10.63
-2.2	0.41	10.65
-2.28	0.3	10.69
-2.42	0.26	10.67
-2.39	0.21	10.58
-2.45	0.13	10.44
-2.51	0.03	10.45
-2.55	0	10.62
-2.63	0.03	10.42
-2.64	-0.12	10.36
-2.66	-0.26	10.57
-2.74	-0.22	10.37
-2.84	-0.28	10.28
-2.98	-0.31	10.44
-2.95	-0.34	10.39
-2.97	-0.33	10.22
-2.97	-0.46	10.48
-3.07	-0.51	10.06
-3.13	-0.53	10.21
-3.15	-0.42	10.28
-3.15	-0.54	10.26
-3.21	-0.63	10.31
-3.17	-0.66	10.22
-3.16	-0.71	10.37
-3.27	-0.65	10.12
-3.23	-0.73	10.18
-3.33	-0.74	10.16
-3.33	-0.76	10.37
-3.34	-0.76	9.99
-3.41	-0.7	10.06
-3.39	-0.87	10.1
-3.35	-0.93	10.15
-3.45	-0.85	10.1
-3.45	-0.75	10.05
-3.46	-0.74	10.19
-3.46	-0.9	10.2
-3.45	-0.86	10.28
-3.47	-0.88	10.11
-3.47	-0.81	10.13
-3.49	-0.79	9.94
-3.48	-0.89	10.09
-3.48	-0.76	10.19
-3.47	-0.7	9.97
-3.55	-0.87	10.22
-3.41	-0.87	10.2
-3.47	-0.86	9.98
-3.46	-0.88	10.14
-3.46	-0.76	10.06
-3.45	-0.81	10.14
-3.46	-0.71	10.08
-3.41	-0.76	10.16
-3.33	-0.92	10.19
-3.31	-0.86	10.1
-3.42	-0.75	10.25
-3.35	-0.78	10.1
-3.37	-0.8	10.17
-3.27	-0.82	10.21
-3.32	-0.76	10.27
-3.36	-0.75	10.18
-3.3	-0.79	10.28
-3.31	-0.84	10.13
-3.25	-0.82	10.18
-3.25	-0.71	10.05
-3.25	-0.69	10.01
-3.17	-0.83	10.23
-2.99	-0.75	10.34
-3.14	-0.38	10.29
-2.99	-0.41	10.24
-2.95	-0.5	10.3
-2.88	-0.49	10.43
-2.79	-0.45	10.46
-2.76	-0.27	10.34
-2.73	-0.33	10.36
-2.67	-0.26	10.44
-2.66	-0.19	10.57
-2.64	-0.04	10.59
-2.54	-0.13	10.54
-2.58	-0.18	10.46
-2.58	-0.15	10.43
-2.55	-0.05	10.44
-2.47	0.08	10.51
-2.55	0.03	10.55
-2.5	0.01	10.48
-2.5	0.1	10.6
-2.38	0.07	10.61
-2.39	0.06	10.46
-2.37	0.08	10.49
-2.34	0.12	10.52
-2.28	0.12	10.49
-2.3	0.17	10.55
-2.32	0.26	10.74
-2.3	0.3	10.59
-2.3	0.26	10.49
-2.27	0.18	10.48
-2.27	0.22	10.57
-2.22	0.31	10.61
-2.24	0.29	10.65
-2.27	0.26	10.46
-2.27	0.27	10.61
-2.3	0.24	10.6
-2.26	0.3	10.59
-2.23	0.29	10.6
-2.23	0.34	10.57
-2.16	0.33	10.64
-2.2	0.39	10.62
-2.23	0.33	10.52
-2.21	0.32	10.51
-2.2	0.28	10.55
-2.16	0.3	10.63
-2.25	0.34	10.55
-2.19	0.39	10.71
-2.17	0.4	10.6
-2.17	0.33	10.63
-2.21	0.36	10.48
-2.14	0.4	10.66
-2.2	0.42	10.68
-2.14	0.43	10.58
-2.17	0.28	10.58
-2.13	0.32	10.5
-2.21	0.35	10.5
-2.18	0.44	10.58
-2.15	0.4	10.5
-2.12	0.38	10.63
-2.14	0.4	10.62
-2.1	0.39	10.54
-2.12	0.4	10.65
-2.14	0.42	10.62
-2.17	0.36	10.62
-2.22	0.36	10.55
-2.23	0.37	10.54
-2.31	0.4	10.59
-2.29	0.38	10.7
-2.31	0.28	10.65
-2.35	0.25	10.47
-2.48	0.17	10.5
-2.47	0.1	10.58
-2.54	-0.04	10.42
-2.58	0.07	10.55
-2.66	-0.01	10.47
-2.83	0	10.41
-2.86	-0.07	10.34
-2.92	-0.02	10.26
-2.97	-0.32	10.3
-3.07	-0.38	10.47
-3.09	-0.3	10.31
-3.17	-0.18	10.07
-3.16	-0.45	10.15
-3.22	-0.51	10.42
-3.3	-0.56	10.17
-3.35	-0.42	10.11
-3.42	-0.62	10.19
-3.47	-0.74	10.21
-3.58	-0.68	9.87
-3.59	-0.75	10
-3.6	-0.8	10.06
-3.66	-0.76	9.97
-3.67	-0.74	9.93
-3.61	-0.87	10.03
-3.61	-0.96	10.11
-3.66	-0.9	10.02
-3.67	-0.86	10.14
-3.64	-0.89	9.91
-3.55	-0.82	9.94
-3.86	-0.93	10.11
-3.77	-0.92	10.12
-3.7	-0.94	10.11
-3.45	-0.97	9.92
-3.61	-0.77	9.92
-3.5	-0.71	9.87
-3.62	-0.85	10.07
-3.59	-0.76	10.12
-3.63	-0.74	10.15
-3.58	-0.7	9.98
-3.6	-0.8	10.2
-3.58	-0.62	10.04
-3.52	-0.77	10.15
-3.49	-0.64	10.21
-3.53	-0.72	9.95
-3.48	-0.81	10.01
-3.41	-0.72	10.11
-3.45	-0.68	10.28
-3.41	-0.34	10.31
-3.33	-0.64	10.16
-3.34	-0.7	10.23
-3.29	-0.66	10.09
-3.28	-0.57	10.28
-3.35	-0.56	10.21
-3.32	-0.56	10.1
-3.29	-0.55	10.17
-3.27	-0.53	10.21
-3.31	-0.59	10.27
-3.29	-0.51	10.38
-3.25	-0.54	10.23
-3.2	-0.58	10.11
-3.25	-0.56	10.07
-3.16	-0.59	10.18
-3.16	-0.65	10.04
-3.22	-0.48	10.08
-3.07	-0.48	10.33
-2.98	-0.28	10.46
-2.94	-0.16	10.41
-2.9	-0.2	10.44
-2.87	-0.3	10.4
-2.8	-0.27	10.32
-2.75	-0.19	10.24
-2.68	-0.01	10.38
-2.63	-0.08	10.58
-2.66	0.04	10.45
-2.54	0.03	10.53
-2.57	0.03	10.57
-2.54	0.05	10.51
-2.55	0.22	10.55
-2.44	0.18	10.57
-2.5	0.23	10.35
-2.38	0.17	10.5
-2.37	0.19	10.63
-2.41	0.39	10.56
-2.34	0.27	10.54
-2.36	0.29	10.53
-2.31	0.35	10.58
-2.26	0.42	10.53
-2.3	0.47	10.51
-2.24	0.48	10.47
-2.2	0.4	10.59
-2.17	0.4	10.59
-2.23	0.54	10.6
-2.27	0.43	10.69
-2.23	0.45	10.55
-2.19	0.48	10.49
-2.19	0.46	10.59
-2.18	0.52	10.56
-2.23	0.55	10.7
-2.18	0.48	10.55
-2.19	0.46	10.57
-2.17	0.5	10.58
-2.2	0.6	10.55
-2.16	0.5	10.69
-2.14	0.51	10.58
-2.17	0.52	10.42
-2.15	0.52	10.64
-2.12	0.59	10.58
-2.2	0.53	10.59
-2.11	0.54	10.49
-2.15	0.54	10.54
-2.12	0.53	10.6
-2.14	0.56	10.66
-2.13	0.55	10.49
-2.08	0.57	10.53
-2.13	0.6	10.55
-2.17	0.61	10.61
-2.18	0.59	10.68
-2.1	0.55	10.68
-2.14	0.62	10.64
-2.23	0.56	10.63
-2.38	0.56	10.63
-2.38	0.51	10.57
-2.36	0.42	10.62
-2.49	0.36	10.56
-2.51	0.26	10.47
-2.57	0.28	10.53
-2.67	0.2	10.43
-2.7	0.12	10.38
-2.75	0	10.31
-2.82	-0.07	10.49
-2.89	0.04	10.31
-2.85	-0.2	10.37
-2.98	-0.25	10.38
-2.96	-0.32	10.4
-3.13	-0.16	10.26
-3.13	-0.32	10.26
-3.2	-0.28	10.23
-3.23	-0.44	10.23
-3.25	-0.44	10.23
-3.27	-0.48	10.02
-3.3	-0.4	10.25
-3.32	-0.47	10.22
-3.37	-0.49	10.13
-3.37	-0.63	10.17
-3.45	-0.63	10.12
-3.39	-0.74	10.22
-3.36	-0.63	10.06
-3.38	-0.6	10.11
-3.42	-0.63	10.09
-3.48	-0.69	10.21
-3.39	-0.62	10.07
-3.39	-0.69	10.17
-3.4	-0.67	10.15
-3.34	-0.6	10.21
-3.39	-0.71	10.04
-3.4	-0.64	10.26
-3.36	-0.6	10.08
-3.41	-0.7	10.2
-3.37	-0.71	10.03
-3.39	-0.74	10.08
-3.39	-0.59	10.29
-3.36	-0.5	10.24
-3.34	-0.62	10.11
-3.34	-0.74	10.22
-3.32	-0.66	10.31
-3.32	-0.61	10.19
-3.26	-0.58	10.22
-3.29	-0.65	10.12
-3.36	-0.59	10.23
-3.32	-0.6	10.27
-3.28	-0.63	10.22
-3.22	-0.71	10.17
-3.29	-0.62	10.06
-3.28	-0.55	10.32
-3.24	-0.56	10.26
-3.32	-0.52	10.31
-3.23	-0.56	10.15
-3.13	-0.63	10.17
-3.23	-0.67	10.01
-3.19	-0.65	10
-3.14	-0.61	10.27
-3.03	-0.32	10.33
-2.99	-0.28	10.45
-2.91	-0.38	10.41
-2.85	-0.32	10.36
-2.85	-0.38	10.45
-2.76	-0.3	10.49
-2.72	-0.16	10.34
-2.77	-0.03	10.43
-2.68	-0.01	10.56
-2.6	-0.11	10.6
-2.6	-0.05	10.48
-2.54	-0.02	10.54
-2.51	0.02	10.43
-2.53	0.1	10.45
-2.51	-0.01	10.59
-2.4	0.18	10.61
-2.43	0.12	10.47
-2.4	0.14	10.29
-2.38	0.06	10.47
-2.33	0.15	10.63
-2.32	0.29	10.67
-2.33	0.3	10.59
-2.37	0.24	10.58
-2.3	0.22	10.61
-2.25	0.25	10.69
-2.22	0.27	10.52
-2.18	0.39	10.61
-2.23	0.32	10.71
-2.17	0.39	10.63
-2.17	0.32	10.63
-2.22	0.33	10.59
-2.24	0.39	10.49
-2.21	0.39	10.51
-2.19	0.4	10.46
-2.24	0.46	10.54
-2.24	0.46	10.73
-2.25	0.44	10.54
-2.18	0.41	10.64
-2.18	0.37	10.47
-2.16	0.46	10.6
-2.17	0.52	10.67
-2.21	0.46	10.62
-2.15	0.41	10.55
-2.19	0.39	10.61
-2.12	0.45	10.58
-2.17	0.55	10.54
-2.13	0.44	10.6
-2.1	0.36	10.62
-2.17	0.46	10.65
-2.11	0.46	10.7
-2.12	0.46	10.53
-2.14	0.5	10.59
-2.11	0.5	10.49
-2.11	0.56	10.65
-2.2	0.46	10.63
-2.13	0.51	10.64
-2.07	0.53	10.58
-2.16	0.52	10.6
-2.05	0.45	10.53
-2.14	0.46	10.63
-2.18	0.61	10.63
-2.1	0.51	10.74
-2.22	0.45	10.55
-2.29	0.38	10.66
-2.22	0.37	10.64
-2.35	0.41	10.64
-2.41	0.46	10.56
-2.49	0.28	10.59
-2.49	0.15	10.51
-2.55	0.09	10.45
-2.67	0.06	10.55
-2.76	0.07	10.41
-2.82	-0.06	10.34
-2.82	-0.16	10.46
-2.88	-0.19	10.36
-2.96	-0.16	10.17
-2.98	-0.24	10.27
-3.11	-0.25	10.31
-3.15	-0.36	10.24
-3.15	-0.3	10.15
-3.17	-0.46	10.25
-3.17	-0.4	10.34
-3.26	-0.34	10.39
-3.29	-0.42	10.12
-3.28	-0.51	10.21
-3.32	-0.57	10.18
-3.36	-0.49	10.13
-3.34	-0.61	10.09
-3.37	-0.65	10.08
-3.35	-0.64	10.23
-3.31	-0.53	10.29
-3.35	-0.57	10.18
-3.35	-0.62	10.11
-3.38	-0.62	10.15
-3.37	-0.66	10.09
-3.35	-0.59	9.99
-3.35	-0.63	10.32
-3.31	-0.46	10.23
-3.32	-0.54	10.14
-3.26	-0.74	10.16
-3.27	-0.67	10.25
-3.37	-0.61	10.16
-3.29	-0.46	10.21
-3.25	-0.56	10.19
-3.19	-0.65	10.26
-3.29	-0.49	10.23
-3.26	-0.57	10.23
-3.17	-0.6	10.29
-3.23	-0.58	10.18
-3.24	-0.53	10.15
-3.16	-0.59	10.22
-3.17	-0.54	10.24
-3.18	-0.57	10.31
-3.05	-0.55	10.29
-3.04	-0.49	10.33
-3.09	-0.4	10.07
-3.07	-0.55	10.29
-2.97	-0.47	10.42
-2.94	-0.34	10.45
-3.05	-0.41	10.35
-2.98	-0.38	10.2
-2.98	-0.4	10.24
-2.89	-0.47	10.39
-2.88	-0.29	10.26
-2.86	-0.39	10.32
-2.78	-0.4	10.44
-2.73	-0.22	10.46
-2.64	-0.06	10.38
-2.66	-0.11	10.46
-2.57	-0.16	10.44
-2.56	-0.12	10.61
-2.54	-0.03	10.54
-2.52	-0.07	10.56
-2.4	0.09	10.58
-2.49	0.11	10.55
-2.44	0.11	10.56
-2.42	0.06	10.55
-2.39	0.2	10.47
-2.35	0.22	10.66
-2.34	0.32	10.6
-2.28	0.27	10.44
-2.28	0.19	10.52
-2.33	0.24	10.63
-2.3	0.35	10.56
-2.24	0.34	10.5
-2.26	0.22	10.71
-2.21	0.32	10.55
-2.27	0.35	10.62
-2.21	0.39	10.57
-2.26	0.33	10.63
-2.2	0.32	10.53
-2.18	0.36	10.54
-2.21	0.38	10.55
-2.19	0.34	10.68
-2.21	0.39	10.6
-2.1	0.36	10.5
-2.18	0.47	10.53
-2.14	0.39	10.58
-2.07	0.41	10.61
-2.13	0.38	10.65
-2.15	0.45	10.55
-2.06	0.41	10.56
-2.19	0.42	10.56
-2.16	0.49	10.58
-2.21	0.52	10.71
-2.14	0.44	10.58
-2.1	0.39	10.6
-2.18	0.49	10.56
-2.11	0.47	10.66
-2.09	0.55	10.61
-2.11	0.47	10.59
-2.09	0.55	10.53
-2.1	0.48	10.66
-2.1	0.43	10.63
-2.15	0.44	10.59
-2.12	0.48	10.63
-2.15	0.52	10.68
-2.19	0.53	10.65
-2.15	0.56	10.56
-2.19	0.41	10.7
-2.12	0.45	10.63
-2.15	0.43	10.62
-2.16	0.45	10.57
-2.24	0.46	10.65
-2.25	0.49	10.67
-2.3	0.43	10.54
-2.23	0.35	10.7
-2.31	0.33	10.58
-2.38	0.29	10.42
-2.43	0.28	10.56
-2.53	0.19	10.68
-2.58	0.2	10.59
-2.67	0.09	10.45
-2.68	0.05	10.27
-2.76	-0.07	10.33
-2.85	-0.22	10.5
-2.93	-0.14	10.31
-3.02	-0.16	10.22
-3.1	-0.29	10.34
-3.08	-0.22	10.23
-3.19	-0.38	10.46
-3.44	-0.51	10.09
-3.37	-0.57	10.12
-3.37	-0.8	10.11
-3.44	-0.73	10.05
-3.5	-0.62	10.14
-3.49	-0.6	10.05
-3.47	-0.69	10.21
-3.48	-0.8	10.1
-3.48	-0.81	9.88
-3.54	-0.76	10.24
-3.5	-0.79	10.2
-3.61	-0.76	10.07
-3.63	-0.7	9.97
-3.65	-0.89	9.92
-3.49	-0.98	10.1
-3.6	-0.9	10.01
-3.61	-0.86	10.06
-3.59	-0.68	10.13
-3.59	-0.8	9.73
-3.59	-0.92	10.08
-3.54	-0.92	10.29
-3.61	-0.9	9.93
-3.52	-0.84	10.05
-3.49	-0.86	10.23
-3.49	-0.75	10.15
-3.53	-0.76	10.2
-3.51	-0.87	10.16
-3.51	-0.9	9.97
-3.48	-0.79	10.11
-3.52	-0.72	10.11
-3.48	-0.75	10.15
-3.43	-0.82	10.16
-3.5	-0.76	10.15
-3.43	-0.77	10.06
-3.39	-0.87	10.15
-3.34	-0.74	10.18
-3.41	-0.73	10.02
-3.34	-0.75	10.16
-3.31	-0.66	10.17
-3.35	-0.66	10.17
-3.31	-0.64	10.21
-3.24	-0.66	10.12
-3.13	-0.71	10.31
-3.12	-0.55	10.29
-3.11	-0.47	10.18
-3.08	-0.46	10.13
-2.96	-0.42	10.3
-2.88	-0.47	10.32
-2.91	-0.4	10.44
-2.77	-0.23	10.42
-2.71	-0.17	10.51
-2.66	-0.15	10.52
-2.61	-0.17	10.42
-2.55	-0.13	10.29
-2.51	-0.08	10.4
-2.54	0.01	10.56
-2.46	-0.04	10.53
-2.42	0.14	10.56
-2.33	0.11	10.69
-2.37	0.23	10.48
-2.38	0.13	10.51
-2.32	0.21	10.66
-2.28	0.27	10.68
-2.24	0.28	10.53
-2.37	0.33	10.48
-2.25	0.34	10.64
-2.24	0.46	10.63
-2.2	0.43	10.65
-2.2	0.39	10.6
-2.19	0.32	10.57
-2.22	0.41	10.43
-2.16	0.38	10.71
-2.21	0.48	10.5
-2.16	0.44	10.61
-2.15	0.48	10.63
-2.19	0.49	10.53
-2.16	0.46	10.57
-2.11	0.41	10.54
-2.12	0.5	10.64
-2.14	0.51	10.55
-2.17	0.45	10.56
-2.15	0.51	10.51
-2.15	0.52	10.66
-2.1	0.52	10.62
-2.12	0.48	10.5
-2.12	0.48	10.58
-2.1	0.58	10.59
-2.09	0.63	10.54
-2.08	0.58	10.54
-2.07	0.46	10.56
-2.04	0.51	10.55
-2.04	0.53	10.69
-2.09	0.63	10.56
-2.11	0.56	10.63
-2.03	0.54	10.6
-2.09	0.55	10.56
-2.1	0.49	10.58
-2.13	0.57	10.61
-2.09	0.54	10.63
-2.13	0.53	10.67
-2.1	0.57	10.55
-2.12	0.56	10.69
-2.13	0.6	10.54
-2.11	0.55	10.72
-2.09	0.48	10.55
-2.11	0.48	10.66
-2.16	0.48	10.66
-2.15	0.6	10.68
-2.13	0.58	10.67
-2.22	0.49	10.72
-2.17	0.47	10.74
-2.25	0.46	10.44
-2.25	0.44	10.66
-2.33	0.46	10.61
-2.36	0.42	10.5
-2.42	0.31	10.61
-2.55	0.18	10.52
-2.56	0.21	10.43
-2.55	0.1	10.51
-2.63	-0.01	10.55
-2.74	0.06	10.32
-2.81	0.03	10.27
-2.85	-0.24	10.25
-2.84	-0.27	10.43
-2.89	-0.22	10.44
-2.99	-0.21	10.26
-3.04	-0.4	10.36
-3.12	-0.35	10.18
-3.14	-0.36	10.07
-3.18	-0.54	10.39
-3.24	-0.32	10.21
-3.2	-0.37	10.26
-3.16	-0.4	10.18
-3.25	-0.51	10.19
-3.35	-0.37	10.08
-3.27	-0.53	10.1
-3.29	-0.52	10.17
-3.31	-0.42	10.14
-3.3	-0.52	10.22
-3.32	-0.51	10.25
-3.27	-0.54	10.22
-3.3	-0.59	10.16
-3.32	-0.58	10.05
-3.32	-0.63	10.15
-3.32	-0.57	9.99
-3.3	-0.53	10.46
-3.29	-0.46	10.23
-3.27	-0.48	10.31
-3.23	-0.55	10.12
-3.22	-0.61	10.32
-3.26	-0.51	10.27
-3.25	-0.54	10.12
-3.28	-0.56	10.12
-3.25	-0.55	10.12
-3.22	-0.49	10.21
-3.23	-0.48	10.21
-3.18	-0.58	10.26
-3.11	-0.57	10.3
-3.15	-0.44	10.39
-3.08	-0.37	10.38
-3.02	-0.44	10.18
-3.03	-0.54	10.37
-3.03	-0.43	10.4
-3	-0.32	10.37
-3.02	-0.34	10.25
-2.86	-0.37	10.32
-2.78	-0.31	10.48
-2.78	-0.35	10.44
-2.8	-0.27	10.36
-2.81	-0.24	10.41
-2.79	-0.25	10.35
-2.67	-0.1	10.45
-2.65	-0.11	10.47
-2.58	-0.06	10.5
-2.57	0	10.47
-2.59	0.07	10.53
-2.53	-0.02	10.45
-2.39	-0.03	10.46
-2.48	0	10.44
-2.41	0.12	10.54
-2.43	0.13	10.6
-2.4	0.14	10.61
-2.38	0.13	10.57
-2.35	0.19	10.56
-2.42	0.24	10.63
-2.3	0.25	10.44
-2.35	0.29	10.56
-2.32	0.29	10.62
-2.29	0.28	10.53
-2.28	0.37	10.55
-2.24	0.24	10.55
-2.26	0.35	10.63
-2.28	0.41	10.65
-2.21	0.42	10.6
-2.29	0.31	10.45
-2.21	0.4	10.46
-2.17	0.39	10.52
-2.26	0.46	10.57
-2.25	0.45	10.59
-2.13	0.42	10.63
-2.21	0.37	10.57
-2.22	0.41	10.56
-2.18	0.4	10.57
-2.19	0.43	10.5
-2.23	0.45	10.48
-2.16	0.46	10.59
-2.15	0.42	10.54
-2.22	0.5	10.53
-2.13	0.49	10.71
-2.1	0.5	10.56
-2.13	0.4	10.64
-2.12	0.46	10.56
-2.06	0.52	10.55
-2.14	0.54	10.67
-2.1	0.49	10.63
-2.15	0.51	10.53
-2.07	0.51	10.53
-2.12	0.53	10.63
-2.13	0.59	10.67
-2.13	0.5	10.61
-2.04	0.54	10.62
-2.15	0.53	10.62
-2.13	0.49	10.66
-2.14	0.5	10.67
-2.22	0.5	10.48
-2.25	0.44	10.49
-2.23	0.52	10.66
-2.22	0.51	10.62
-2.29	0.48	10.5
-2.31	0.44	10.55
-2.28	0.39	10.52
-2.31	0.29	10.57
-2.36	0.36	10.49
-2.45	0.31	10.54
-2.53	0.32	10.61
-2.52	0.29	10.54
-2.53	0.18	10.46
-2.6	0.05	10.52
-2.66	0.02	10.44
-2.75	0.1	10.44
-2.84	-0.08	10.44
-2.89	-0.03	10.45
-2.85	-0.25	10.39
-2.97	-0.2	10.28
-3	-0.33	10.3
-3.09	-0.25	10.33
-3.06	-0.4	10.37
-3.14	-0.33	10.13
-3.18	-0.35	10.24
-3.16	-0.47	10.19
-3.24	-0.48	10.24
-3.29	-0.5	10.32
-3.29	-0.5	10.2
-3.34	-0.59	10.09
-3.36	-0.63	10.14
-3.42	-0.6	10.12
-3.4	-0.5	10.12
-3.43	-0.74	10.19
-3.38	-0.68	10.13
-3.43	-0.63	10.08
-3.39	-0.56	10.14
-3.44	-0.64	10.18
-3.41	-0.66	10.27
-3.4	-0.63	10.09
-3.43	-0.68	10.13
-3.33	-0.71	10.22
-3.39	-0.7	10.16
-3.45	-0.5	10.21
-3.4	-0.67	10.14
-3.4	-0.69	10.15
-3.41	-0.63	10.1
-3.36	-0.6	10.14
-3.33	-0.64	10.13
-3.36	-0.68	10.39
-3.36	-0.65	10.02
-3.34	-0.66	10.28
-3.33	-0.57	10.13
-3.36	-0.65	10.13
-3.35	-0.7	10.25
-3.3	-0.63	10.22
-3.29	-0.62	10.13
-3.29	-0.62	10.13
-3.29	-0.65	10.37
-3.27	-0.59	10.25
-3.25	-0.55	10.21
-3.24	-0.65	10.2
-3.21	-0.74	10.21
-3.26	-0.62	10.19
-3.24	-0.6	10.05
-3.26	-0.53	10.08
-3.27	-0.62	10.22
-3.17	-0.58	10.36
-3.17	-0.43	10.4
-3.11	-0.57	10.19
-3.15	-0.65	10.29
-3.02	-0.52	10.18
-3.01	-0.46	10.17
-3.01	-0.35	10.28
-2.95	-0.34	10.39
-2.84	-0.29	10.41
-2.8	-0.31	10.33
-2.79	-0.27	10.47
-2.66	-0.2	10.46
-2.68	-0.16	10.51
-2.68	-0.06	10.37
-2.59	-0.01	10.56
-2.59	0.03	10.48
-2.48	0.07	10.65
-2.47	0	10.48
-2.45	0.04	10.58
-2.45	0.13	10.64
-2.4	0.17	10.55
-2.47	0.27	10.54
-2.42	0.27	10.63
-2.41	0.23	10.62
-2.41	0.15	10.53
-2.35	0.22	10.56
-2.33	0.15	10.54
-2.33	0.33	10.55
-2.31	0.33	10.53
-2.24	0.32	10.52
-2.37	0.25	10.51
-2.3	0.37	10.57
-2.32	0.42	10.66
-2.25	0.41	10.56
-2.27	0.39	10.64
-2.23	0.37	10.58
-2.26	0.44	10.56
-2.21	0.39	10.56
-2.18	0.4	10.52
-2.26	0.51	10.57
-2.21	0.43	10.66
-2.2	0.5	10.53
-2.17	0.44	10.53
-2.14	0.44	10.57
-2.17	0.49	10.62
-2.14	0.42	10.54
-2.14	0.49	10.49
-2.15	0.45	10.61
-2.13	0.51	10.66
-2.14	0.57	10.63
-2.05	0.48	10.59
-2.12	0.42	10.55
-2.19	0.58	10.61
-2.14	0.48	10.68
-2.11	0.57	10.52
-2.1	0.44	10.58
-2.1	0.5	10.59
-2.16	0.48	10.58
-2.17	0.51	10.59
-2.13	0.47	10.58
-2.16	0.46	10.67
-2.18	0.47	10.62
-2.21	0.5	10.62
-2.21	0.48	10.62
-2.25	0.43	10.58
-2.21	0.41	10.65
-2.22	0.43	10.47
-2.28	0.45	10.59
-2.22	0.45	10.6
-2.32	0.5	10.61
-2.39	0.45	10.59
-2.4	0.34	10.61
-2.46	0.26	10.53
-2.46	0.22	10.44
-2.54	0.22	10.59
-2.67	0.28	10.59
-2.67	0.16	10.4
-2.68	-0.09	10.41
-2.69	-0.09	10.38
-2.87	-0.15	10.22
-2.98	-0.2	10.26
-3	-0.24	10.31
-3.06	-0.3	10.34
-3.12	-0.38	10.28
-3.02	-0.38	10.18
-3.07	-0.46	10.26
-3.07	-0.51	10.31
-3.09	-0.49	10.3
-3.16	-0.53	10.24
-3.19	-0.57	10.24
-3.18	-0.49	10.25
-3.19	-0.54	10.29
-3.26	-0.54	10.14
-3.24	-0.62	10.28
-3.27	-0.58	10.09
-3.25	-0.56	10.27
-3.28	-0.5	10.21
-3.31	-0.58	10.2
-3.27	-0.56	10.08
-3.21	-0.61	10.17
-3.26	-0.61	10.36
-3.24	-0.56	10.27
-3.25	-0.56	10.24
-3.19	-0.54	10.29
-3.25	-0.55	10.19
-3.27	-0.51	10.15
-3.22	-0.55	10.19
-3.24	-0.57	10.21
-3.27	-0.48	10.22
-3.21	-0.56	10.36
-3.21	-0.56	10.22
-3.22	-0.6	10.27
-3.25	-0.51	10.31
-3.18	-0.46	10.32
-3.18	-0.6	10.09
-3.25	-0.52	10.22
-3.17	-0.51	10.3
-3.18	-0.51	10.19
-3.15	-0.56	10.28
-3.14	-0.6	10.22
-3.18	-0.47	10.2
-3.14	-0.52	10.23
-3.14	-0.45	10.32
-3.26	-0.53	10.2
-3.18	-0.48	10.27
-3.17	-0.4	10.22
-3.18	-0.45	10.26
-3.18	-0.49	10.19
-3.14	-0.49	10.21
-3.09	-0.45	10.34
-3.09	-0.48	10.36
-3.14	-0.41	10.15
-3.09	-0.48	10.12
-3.12	-0.55	9.99
-2.91	-0.63	10.3
-2.96	-0.4	10.61
-2.94	-0.19	10.43
-2.9	-0.08	10.35
-2.83	-0.21	10.46
-2.76	-0.39	10.42
-2.67	-0.22	10.36
-2.68	-0.14	10.47
-2.69	0.07	10.45
-2.61	0.03	10.63
-2.61	0.11	10.58
-2.57	0.03	10.64
-2.45	0.09	10.49
-2.43	0.09	10.49
-2.44	0.11	10.38
-2.41	0.08	10.6
-2.38	0.22	10.68
-2.37	0.27	10.52
-2.37	0.28	10.48
-2.31	0.34	10.5
-2.3	0.3	10.64
-2.29	0.4	10.67
-2.3	0.36	10.56
-2.27	0.32	10.63
-2.2	0.46	10.47
-2.25	0.47	10.53
-2.23	0.45	10.67
-2.27	0.45	10.52
-2.19	0.45	10.6
-2.23	0.48	10.56
-2.2	0.47	10.6
-2.15	0.48	10.57
-2.2	0.45	10.5
-2.16	0.43	10.54
-2.12	0.55	10.51
-2.19	0.51	10.56
-2.11	0.47	10.52
-2.16	0.5	10.58
-2.14	0.52	10.53
-2.12	0.51	10.6
-2.16	0.5	10.59
-2.1	0.57	10.6
-2.1	0.65	10.61
-2.06	0.57	10.6
-2.04	0.56	10.46
-2.11	0.52	10.56
-2.13	0.49	10.5
-2.12	0.61	10.48
-2.16	0.54	10.57
-2.11	0.53	10.57
-2.05	0.57	10.59
-2.05	0.6	10.55
-2.11	0.62	10.66
-2.12	0.54	10.62
-2.11	0.56	10.48
-2.17	0.58	10.54
-2.08	0.61	10.62
-2.13	0.59	10.58
-2.1	0.6	10.57
-2.11	0.65	10.7
-2.11	0.6	10.64
-2.16	0.51	10.62
-2.2	0.51	10.61
-2.31	0.6	10.68
-2.38	0.63	10.55
-2.38	0.44	10.7
-2.4	0.29	10.51
-2.56	0.19	10.45
-2.56	0.19	10.38
-2.68	0.2	10.48
-2.76	0.13	10.44
-2.79	0.07	10.32
-2.83	-0.04	10.37
-2.89	-0.13	10.53
-2.97	-0.03	10.56
-3.11	-0.17	9.96
-3.16	-0.42	10.17
-3.12	-0.44	10.35
-3.24	-0.37	10.33
-3.39	-0.38	10.08
-3.41	-0.42	10.1
-3.31	-0.51	10.2
-3.39	-0.69	10.12
-3.45	-0.64	10.13
-3.42	-0.68	10.04
-3.48	-0.63	10.12
-3.55	-0.67	10.12
-3.51	-0.67	10.08
-3.56	-0.71	10.08
-3.56	-0.75	10.08
-3.61	-0.74	10.07
-3.58	-0.68	10.16
-3.6	-0.81	10
-3.7	-0.8	9.86
-3.63	-0.95	10.04
-3.65	-0.84	10.06
-3.72	-0.77	10.07
-3.63	-0.81	9.95
-3.62	-0.91	10.05
-3.63	-0.91	10.06
-3.66	-0.94	10.09
-3.69	-0.8	9.97
-3.64	-0.91	10.08
-3.63	-0.82	9.95
-3.6	-0.92	10.03
-3.67	-0.81	10.16
-3.68	-0.81	10.02
-3.63	-0.87	10.02
-3.53	-0.85	9.94
-3.48	-0.86	10.01
-3.55	-0.77	10.14
-3.49	-0.76	10.15
-3.5	-0.79	10.14
-3.5	-0.76	10.11
-3.38	-0.77	10.23
-3.44	-0.73	10.12
-3.37	-0.73	10.26
-3.39	-0.74	10.12
-3.44	-0.76	10.14
-3.36	-0.63	10.04
-3.39	-0.6	10.08
-3.29	-0.78	10.14
-3.27	-0.69	10.13
-3.14	-0.55	10.18
-3.11	-0.5	10.42
-2.97	-0.42	10.46
-2.99	-0.37	10.21
-2.92	-0.31	10.41
-2.84	-0.3	10.48
-2.78	-0.22	10.41
-2.72	-0.24	10.45
-2.69	-0.12	10.44
-2.67	-0.15	10.42
-2.7	0.02	10.46
-2.56	0.07	10.4
-2.62	-0.09	10.5
-2.58	0	10.4
-2.58	0.1	10.52
-2.6	0.06	10.49
-2.56	0.09	10.59
-2.51	0.06	10.44
-2.46	0.15	10.44
-2.52	0.11	10.51
-2.45	0.19	10.41
-2.45	0.09	10.46
-2.4	0.12	10.63
-2.39	0.12	10.49
-2.4	0.21	10.46
-2.41	0.13	10.46
-2.44	0.11	10.47
-2.36	0.23	10.48
-2.3	0.22	10.57
-2.31	0.23	10.58
-2.37	0.17	10.46
-2.4	0.32	10.57
-2.39	0.23	10.57
-2.25	0.22	10.41
-2.33	0.27	10.59
-2.31	0.29	10.55
-2.33	0.29	10.55
-2.3	0.3	10.54
-2.34	0.27	10.45
-2.23	0.32	10.56
-2.33	0.34	10.54
-2.24	0.34	10.56
-2.3	0.3	10.59
-2.28	0.33	10.62
-2.29	0.36	10.61
-2.33	0.31	10.51
-2.3	0.33	10.47
-2.25	0.36	10.53
-2.26	0.39	10.68
-2.21	0.34	10.61
-2.25	0.32	10.56
-2.21	0.26	10.46
-2.14	0.33	10.61
-2.25	0.5	10.58
-2.24	0.34	10.61
-2.22	0.35	10.5
-2.22	0.4	10.6
-2.18	0.46	10.47
-2.16	0.42	10.54
-2.19	0.32	10.6
-2.19	0.42	10.59
-2.15	0.44	10.69
-2.23	0.46	10.69
-2.22	0.48	10.69
-2.29	0.35	10.55
-2.35	0.34	10.61
-2.36	0.36	10.46
-2.34	0.3	10.55
-2.44	0.18	10.42
-2.49	0.23	10.59
-2.54	0.24	10.48
-2.62	0.02	10.46
-2.67	-0.06	10.48
-2.73	-0.14	10.37
-2.79	-0.03	10.38
-2.85	-0.06	10.38
-2.83	-0.11	10.43
-2.89	-0.14	10.4
-2.97	-0.2	10.28
-2.96	-0.32	10.36
-3.01	-0.38	10.27
-3.03	-0.38	10.31
-3.14	-0.39	10.22
-3.1	-0.36	10.31
-3.13	-0.43	10.29
-3.16	-0.48	10.15
-3.21	-0.47	10.26
-3.22	-0.43	10.27
-3.33	-0.64	10.29
-3.27	-0.6	10.18
-3.31	-0.49	10.11
-3.37	-0.55	10.25
-3.34	-0.53	10.2
-3.35	-0.66	10.15
-3.26	-0.62	10.24
-3.37	-0.63	10.04
-3.43	-0.65	10.26
-3.41	-0.63	10.09
-3.42	-0.68	10.16
-3.4	-0.64	10.18
-3.45	-0.59	10.27
-3.47	-0.71	10.15
-3.47	-0.75	10.06
-3.51	-0.76	10.07
-3.44	-0.73	10.1
-3.47	-0.6	10.21
-3.46	-0.63	10.06
-3.39	-0.74	10.12
-3.45	-0.71	10.13
-3.43	-0.74	10.26
-3.42	-0.63	10.2
-3.48	-0.64	10.17
-3.44	-0.71	10.11
-3.41	-0.8	10.14
-3.39	-0.73	10.13
-3.44	-0.64	10.16
-3.38	-0.59	10.19
-3.35	-0.58	10.22
-3.34	-0.68	10.12
-3.34	-0.85	10.12
-3.36	-0.67	10.02
-3.28	-0.64	10.06
-3.3	-0.61	10.19
-3.27	-0.58	10.16
-3.2	-0.42	10.13
-3.13	-0.45	10.38
-3.01	-0.38	10.33
-3.02	-0.4	10.37
-2.88	-0.33	10.49
-2.82	-0.24	10.47
-2.81	-0.25	10.41
-2.8	-0.22	10.27
-2.73	-0.15	10.39
-2.74	-0.01	10.49
-2.66	0.05	10.52
-2.62	-0.02	10.67
-2.55	0.01	10.4
-2.62	-0.04	10.52
-2.53	0.09	10.51
-2.56	0.14	10.5
-2.48	0.16	10.48
-2.43	0.04	10.57
-2.45	0.21	10.56
-2.38	0.15	10.51
-2.42	0.25	10.44
-2.42	0.36	10.56
-2.35	0.29	10.6
-2.32	0.31	10.62
-2.32	0.36	10.57
-2.22	0.31	10.54
-2.27	0.44	10.65
-2.29	0.45	10.52
-2.28	0.45	10.52
-2.22	0.4	10.48
-2.26	0.44	10.62
-2.26	0.54	10.67
-2.17	0.51	10.55
-2.24	0.43	10.54
-2.21	0.5	10.5
-2.21	0.56	10.56
-2.18	0.59	10.61
-2.2	0.58	10.55
-2.16	0.55	10.63
-2.16	0.51	10.68
-2.21	0.6	10.64
-2.21	0.52	10.63
-2.19	0.57	10.45
-2.2	0.57	10.49
-2.15	0.58	10.67
-2.1	0.6	10.59
-2.22	0.61	10.54
-2.18	0.6	10.55
-2.13	0.6	10.54
-2.19	0.56	10.62
-2.11	0.56	10.52
-2.13	0.58	10.58
-2.15	0.66	10.66
-2.15	0.65	10.64
-2.16	0.58	10.72
-2.13	0.56	10.53
-2.16	0.61	10.56
-2.22	0.67	10.65
-2.12	0.68	10.59
-2.2	0.59	10.63
-2.22	0.56	10.57
-2.26	0.64	10.75
-2.29	0.57	10.67
-2.32	0.47	10.47
-2.42	0.4	10.55
-2.41	0.33	10.47
-2.5	0.27	10.49
-2.6	0.2	10.48
-2.64	0.19	10.47
-2.75	0.18	10.48
-2.79	0.02	10.54
-2.82	-0.02	10.36
-2.86	-0.04	10.4
-2.91	-0.15	10.27
-3.02	-0.09	10.21
-3.11	-0.15	10.29
-3.07	-0.31	10.39
-3.18	-0.34	10.31
-3.25	-0.45	10.25
-3.28	-0.35	10.16
-3.28	-0.45	10.23
-3.29	-0.51	10.21
-3.35	-0.5	10.19
-3.37	-0.46	10.09
-3.3	-0.57	10.18
-3.38	-0.63	10.32
-3.38	-0.58	10
-3.39	-0.67	10.27
-3.42	-0.66	10.12
-3.39	-0.73	10.07
-3.43	-0.64	10.14
-3.38	-0.66	10.02
-3.34	-0.72	10.29
-3.42	-0.63	10.15
-3.42	-0.63	10.1
-3.38	-0.63	10.15
-3.41	-0.71	10.16
-3.31	-0.69	10.11
-3.36	-0.74	10.13
-3.35	-0.56	10.21
-3.4	-0.61	10.21
-3.39	-0.61	10.19
-3.33	-0.64	10.26
-3.39	-0.6	10.13
-3.36	-0.68	10.2
-3.32	-0.66	10.18
-3.36	-0.63	10.13
-3.29	-0.63	10.18
-3.3	-0.57	10.27
-3.36	-0.5	10.13
-3.31	-0.67	10.24
-3.38	-0.59	10.08
-3.25	-0.6	10.28
-3.23	-0.53	10.18
-3.22	-0.55	10.23
-3.25	-0.63	10.24
-3.3	-0.51	10.27
-3.22	-0.57	10.29
-3.17	-0.59	10.28
-3.18	-0.58	10.24
-3.19	-0.49	10.18
-3.19	-0.46	10.37
-3.14	-0.47	10.22
-3.06	-0.53	10.22
-3.04	-0.49	10.18
-3.07	-0.46	10.12
-2.99	-0.45	10.38
-2.93	-0.4	10.42
-2.89	-0.23	10.25
-2.88	-0.12	10.35
-2.78	-0.24	10.47
-2.76	-0.17	10.39
-2.75	-0.17	10.44
-2.68	0	10.58
-2.67	0.04	10.48
-2.56	0.12	10.49
-2.5	-0.02	10.39
-2.59	0.13	10.61
-2.46	0.29	10.39
-2.42	0.25	10.5
-2.43	0.17	10.56
-2.44	0.23	10.55
-2.37	0.3	10.55
-2.4	0.38	10.61
-2.32	0.32	10.61
-2.33	0.39	10.46
-2.3	0.41	10.52
-2.28	0.48	10.61
-2.28	0.39	10.56
-2.25	0.46	10.47
-2.26	0.5	10.53
-2.25	0.45	10.51
-2.21	0.44	10.61
-2.23	0.46	10.51
-2.17	0.52	10.69
-2.21	0.52	10.61
-2.22	0.52	10.49
-2.2	0.5	10.39
-2.24	0.42	10.41
-2.22	0.57	10.69
-2.22	0.59	10.62
-2.19	0.51	10.55
-2.21	0.5	10.47
-2.16	0.54	10.54
-2.15	0.55	10.58
-2.22	0.62	10.55
-2.19	0.58	10.57
-2.2	0.56	10.58
-2.17	0.58	10.59
-2.16	0.58	10.51
-2.19	0.51	10.56
-2.23	0.59	10.5
-2.22	0.59	10.58
-2.21	0.61	10.59
-2.17	0.57	10.63
-2.22	0.6	10.53
-2.15	0.59	10.63
-2.17	0.58	10.56
-2.13	0.51	10.52
-2.21	0.62	10.5
-2.15	0.61	10.62
-2.2	0.71	10.62
-2.18	0.58	10.56
-2.16	0.49	10.53
-2.16	0.52	10.64
-2.19	0.62	10.67
-2.25	0.71	10.61
-2.28	0.59	10.64
-2.3	0.5	10.62
-2.37	0.47	10.68
-2.52	0.45	10.44
-2.52	0.32	10.58
-2.57	0.18	10.59
-2.66	0.07	10.44
-2.73	0.08	10.37
-2.79	0.02	10.43
-2.82	-0.11	10.38
-2.94	-0.14	10.22
-2.94	-0.24	10.35
-3.03	-0.15	10.37
-3.08	-0.19	10.17
-3.11	-0.3	10.24
-3.14	-0.33	10.23
-3.15	-0.34	10.28
-3.13	-0.3	10.14
-3.21	-0.44	10.34
-3.15	-0.46	10.16
-3.29	-0.48	10.16
-3.25	-0.51	10.15
-3.25	-0.53	10.21
-3.26	-0.57	10.11
-3.31	-0.66	10.25
-3.3	-0.48	10.16
-3.35	-0.59	10.22
-3.31	-0.62	10.23
-3.34	-0.53	10.16
-3.32	-0.62	10.22
-3.38	-0.59	10.07
-3.37	-0.65	10.15
-3.37	-0.55	10.33
-3.32	-0.49	10.21
-3.4	-0.67	10.25
-3.27	-0.65	10.17
-3.37	-0.69	10.24
-3.43	-0.67	10.27
-3.44	-0.62	10.15
-3.36	-0.66	10.28
-3.36	-0.75	10.13
-3.36	-0.67	10.14
-3.42	-0.59	10.18
-3.42	-0.75	10.09
-3.49	-0.76	10.16
-3.46	-0.75	10.1
-3.44	-0.73	10.06
-3.48	-0.78	9.99
-3.49	-0.83	10.07
-3.43	-0.83	9.99
-3.41	-0.73	10.1
-3.55	-0.71	10.17
-3.5	-0.65	10.13
-3.42	-0.69	10.21
-3.34	-0.74	10.23
-3.35	-0.77	10.22
-3.35	-0.69	10.23
-3.42	-0.61	10.14
-3.45	-0.57	10.18
-3.41	-0.64	10.25
-3.29	-0.79	10.19
-3.35	-0.68	10.13
-3.31	-0.66	9.91
-3.25	-0.68	10.23
-3.1	-0.63	10.42
-3.12	-0.47	10.29
-3.05	-0.41	10.35
-2.99	-0.35	10.29
-2.97	-0.35	10.39
-2.94	-0.25	10.37
-2.82	-0.27	10.33
-2.78	-0.2	10.46
-2.73	-0.11	10.57
-2.77	0.02	10.45
-2.64	-0.1	10.46
-2.69	-0.05	10.48
-2.57	-0.01	10.37
-2.6	0.1	10.31
-2.58	0.08	10.5
-2.62	0.22	10.59
-2.54	0.21	10.66
-2.48	0.29	10.58
-2.46	0.21	10.59
-2.43	0.18	10.56
-2.32	0.27	10.48
-2.37	0.27	10.53
-2.32	0.29	10.51
-2.32	0.27	10.51
-2.37	0.4	10.58
-2.32	0.4	10.58
-2.3	0.34	10.58
-2.28	0.38	10.54
-2.28	0.39	10.51
-2.29	0.39	10.59
-2.24	0.41	10.6
-2.33	0.38	10.47
-2.24	0.44	10.63
-2.25	0.47	10.53
-2.25	0.42	10.54
-2.22	0.44	10.43
-2.25	0.43	10.62
-2.25	0.52	10.62
-2.16	0.47	10.45
-2.22	0.49	10.57
-2.24	0.5	10.57
-2.2	0.5	10.53
-2.23	0.57	10.53
-2.16	0.51	10.51
-2.16	0.51	10.57
-2.17	0.48	10.63
-2.17	0.54	10.55
-2.14	0.53	10.72
-2.16	0.52	10.63
-2.2	0.55	10.51
-2.17	0.54	10.77
-2.21	0.62	10.75
-2.21	0.57	10.52
-2.25	0.52	10.51
-2.17	0.45	10.67
-2.29	0.41	10.64
-2.33	0.56	10.63
-2.38	0.51	10.64
-2.46	0.5	10.5
-2.4	0.36	10.6
-2.47	0.21	10.56
-2.51	0.23	10.51
-2.6	0.14	10.48
-2.63	0.19	10.45
-2.76	0.14	10.45
-2.74	0.01	10.4
-2.84	0.01	10.42
-2.86	-0.03	10.33
-2.95	-0.06	10.35
-3.02	-0.18	10.23
-3.04	-0.26	10.19
-3.08	-0.28	10.28
-3.19	-0.26	10.22
-3.21	-0.26	10.32
-3.25	-0.4	10.29
-3.26	-0.44	10.19
-3.25	-0.5	10.3
-3.22	-0.47	10.24
-3.31	-0.51	10.11
-3.31	-0.61	10.15
-3.33	-0.51	10.27
-3.37	-0.57	10.2
-3.31	-0.58	10.11
-3.41	-0.58	10.14
-3.49	-0.51	10.24
-3.46	-0.65	10.03
-3.42	-0.7	10.08
-3.47	-0.59	10.14
-3.46	-0.63	10.21
-3.37	-0.68	10.24
-3.45	-0.64	10.11
-3.44	-0.69	10.11
-3.48	-0.74	10.06
-3.44	-0.69	10.22
-3.48	-0.58	10.09
-3.48	-0.74	9.95
-3.43	-0.72	10.18
-3.39	-0.63	10.09
-3.42	-0.73	10.16
-3.51	-0.59	10.07
-3.43	-0.66	10.26
-3.37	-0.65	10.15
-3.43	-0.66	10.27
-3.38	-0.7	10.22
-3.36	-0.64	10.15
-3.41	-0.6	10.24
-3.38	-0.51	10.25
-3.31	-0.66	10.19
-3.31	-0.66	10.17
-3.3	-0.6	10.12
-3.34	-0.58	10.23
-3.34	-0.52	10.06
-3.29	-0.64	10.12
-3.2	-0.61	10.13
-3.15	-0.49	10.28
-3.21	-0.47	10.28
-3.1	-0.34	10.16
-3.05	-0.41	10.24
-2.92	-0.36	10.53
-2.9	-0.25	10.33
-2.91	-0.23	10.19
-2.89	-0.2	10.25
-2.82	-0.09	10.6
-2.74	-0.11	10.48
-2.76	-0.15	10.51
-2.66	-0.19	10.55
-2.61	-0.09	10.43
-2.6	0.09	10.46
-2.54	0.05	10.46
-2.59	0.06	10.51
-2.55	0.1	10.47
-2.48	0.18	10.47
-2.56	0.11	10.59
-2.46	0.17	10.47
-2.49	0.25	10.45
-2.43	0.28	10.63
-2.34	0.29	10.58
-2.36	0.26	10.48
-2.36	0.34	10.45
-2.33	0.24	10.54
-2.33	0.37	10.6
-2.27	0.35	10.48
-2.28	0.32	10.51
-2.25	0.37	10.52
-2.28	0.45	10.55
-2.23	0.47	10.62
-2.19	0.41	10.45
-2.29	0.36	10.49
-2.23	0.44	10.56
-2.22	0.56	10.63
-2.21	0.47	10.58
-2.17	0.49	10.57
-2.14	0.49	10.66
-2.17	0.51	10.56
-2.16	0.52	10.55
-2.23	0.56	10.62
-2.25	0.58	10.51
-2.19	0.56	10.63
-2.14	0.58	10.64
-2.18	0.59	10.58
-2.13	0.63	10.63
-2.15	0.64	10.55
-2.15	0.56	10.55
-2.13	0.61	10.55
-2.12	0.61	10.46
-2.11	0.66	10.71
-2.11	0.67	10.61
-2.1	0.59	10.5
-2.17	0.54	10.48
-2.09	0.64	10.56
-2.14	0.67	10.64
-2.17	0.63	10.72
-2.13	0.57	10.59
-2.14	0.61	10.5
-2.18	0.62	10.51
-2.13	0.63	10.52
-2.23	0.51	10.59
-2.22	0.53	10.59
-2.23	0.56	10.53
-2.32	0.57	10.59
-2.32	0.53	10.65
-2.4	0.62	10.45
-2.48	0.4	10.48
-2.38	0.36	10.61
-2.4	0.23	10.71
-2.52	0.39	10.51
-2.6	0.28	10.48
-2.63	0.18	10.44
-2.68	0.16	10.44
-2.67	0	10.35
-2.74	-0.04	10.46
-2.83	-0.04	10.34
-2.88	0.11	10.39
-2.9	0.01	10.41
-2.93	-0.08	10.45
-2.99	-0.11	10.28
-3.07	-0.19	10.24
-2.94	-0.31	10.38
-3.06	-0.26	10.32
-3.18	-0.23	10.35
-3.18	-0.13	10.17
-3.19	-0.3	10.35
-3.17	-0.34	10.22
-3.23	-0.39	10.1
-3.26	-0.4	10.29
-3.14	-0.37	10.33
-3.23	-0.34	10.23
-3.25	-0.36	10.15
-3.25	-0.38	10.35
-3.2	-0.43	10.15
-3.22	-0.56	10.23
-3.24	-0.51	10.2
-3.27	-0.35	10.27
-3.35	-0.4	10.35
-3.25	-0.43	10.24
-3.22	-0.41	10.22
-3.21	-0.5	10.21
-3.19	-0.49	10.22
-3.26	-0.42	10.17
-3.3	-0.39	10.33
-3.26	-0.39	10.23
-3.23	-0.44	10.1
-3.29	-0.58	10.3
-3.26	-0.48	10.23
-3.28	-0.4	10.09
-3.28	-0.42	10.25
-3.22	-0.45	10.31
-3.19	-0.37	10.23
-3.23	-0.4	10.27
-3.23	-0.35	10.44
-3.19	-0.31	10.19
-3.11	-0.29	10.22
-3.04	-0.31	10.43
-3.04	-0.25	10.34
-2.97	-0.26	10.3
-2.94	-0.25	10.37
-2.89	-0.23	10.23
-2.85	-0.23	10.29
-2.86	-0.13	10.28
-2.79	-0.08	10.43
-2.76	-0.17	10.5
-2.73	-0.03	10.45
-2.7	-0.1	10.38
-2.64	0.05	10.45
-2.72	0.06	10.52
-2.59	0.12	10.52
-2.52	0.04	10.52
-2.52	0.22	10.54
-2.47	0.22	10.43
-2.53	0.22	10.39
-2.5	0.14	10.58
-2.44	0.24	10.6
-2.45	0.28	10.64
-2.38	0.26	10.56
-2.42	0.26	10.51
-2.35	0.35	10.55
-2.29	0.39	10.56
-2.37	0.36	10.48
-2.33	0.37	10.56
-2.28	0.43	10.53
-2.3	0.46	10.58
-2.28	0.41	10.54
-2.29	0.42	10.61
-2.29	0.43	10.51
-2.2	0.51	10.64
-2.26	0.48	10.61
-2.24	0.44	10.54
-2.2	0.45	10.47
-2.27	0.54	10.63
-2.19	0.54	10.6
-2.22	0.52	10.48
-2.18	0.51	10.64
-2.22	0.57	10.57
-2.2	0.63	10.55
-2.17	0.47	10.57
-2.2	0.42	10.5
-2.18	0.51	10.55
-2.13	0.61	10.63
-2.16	0.55	10.58
-2.16	0.56	10.58
-2.13	0.54	10.58
-2.18	0.54	10.42
-2.16	0.59	10.61
-2.19	0.59	10.59
-2.16	0.57	10.59
-2.15	0.59	10.5
-2.12	0.59	10.61
-2.17	0.62	10.62
-2.14	0.6	10.61
-2.17	0.63	10.63
-2.13	0.6	10.55
-2.11	0.59	10.59
-2.2	0.59	10.52
-2.18	0.65	10.58
-2.13	0.62	10.61
-2.14	0.55	10.67
-2.19	0.56	10.5
-2.17	0.52	10.62
-2.21	0.65	10.58
-2.21	0.68	10.59
-2.26	0.6	10.59
-2.19	0.52	10.59
-2.34	0.57	10.59
-2.36	0.54	10.57
-2.38	0.53	10.53
-2.37	0.52	10.55
-2.4	0.43	10.62
-2.45	0.4	10.59
-2.48	0.47	10.61
-2.55	0.41	10.47
-2.53	0.27	10.48
-2.54	0.16	10.53
-2.66	0.09	10.38
-2.63	0.09	10.44
-2.74	0.1	10.25
-2.84	0.06	10.35
-2.85	0.03	10.38
-2.85	-0.05	10.35
-3	-0.12	10.24
-2.98	-0.15	10.21
-2.99	-0.12	10.4
-2.99	-0.14	10.36
-3.08	-0.3	10.32
-3.11	-0.17	10.28
-3.05	-0.18	10.27
-3.11	-0.21	10.46
-3.08	-0.24	10.24
-3.21	-0.35	10.21
-3.21	-0.43	10.31
-3.19	-0.38	10.26
-3.3	-0.44	10.12
-3.26	-0.39	10.27
-3.3	-0.43	10.18
-3.26	-0.49	10.19
-3.29	-0.48	10.22
-3.32	-0.48	10.13
-3.31	-0.44	10.25
-3.33	-0.41	10.19
-3.29	-0.46	10.4
-3.33	-0.48	10.04
-3.39	-0.59	10.14
-3.39	-0.51	10.18
-3.43	-0.47	10.1
-3.45	-0.63	10.12
-3.38	-0.54	10.19
-3.32	-0.44	10.19
-3.38	-0.51	10.16
-3.32	-0.57	10.1
-3.33	-0.65	10.21
-3.34	-0.64	10.19
-3.43	-0.57	10.16
-3.42	-0.55	10.07
-3.38	-0.53	10.13
-3.37	-0.45	10.16
-3.31	-0.49	10.38
-3.33	-0.77	10.33
-3.31	-0.51	10.1
-3.33	-0.58	10.14
-3.26	-0.63	10.11
-3.29	-0.61	10.16
-3.27	-0.45	10.12
-3.31	-0.35	10.3
-3.23	-0.36	10.45
-3.2	-0.36	10.09
-3.11	-0.49	10.34
-3.03	-0.46	10.28
-3.01	-0.38	10.16
-3.05	-0.31	10.36
-3	-0.08	10.43
-2.98	-0.13	10.3
-2.9	-0.12	10.48
-2.8	-0.18	10.31
-2.84	-0.17	10.36
-2.95	0.06	10.28
-2.72	0.27	10.26
-2.51	-0.08	10.48
-2.56	0	10.39
-2.67	0.25	10.36
-2.51	0.25	10.5
-2.54	0.28	10.55
-2.49	0.54	10.58
-2.28	0.25	10.53
-2.24	0.17	10.62
-2.19	0.44	10.6
-2.24	0.13	10.75
-2.23	0.46	10.55
-2.11	0.47	10.57
-1.85	0.31	10.53
-2.09	0.16	10.64
-2.34	0.53	10.54
-2.19	0.58	10.52
-2.16	0.35	10.74
-2.25	0.46	10.59
-2.33	0.52	10.51
-2.27	0.57	10.48
-2.07	0.41	10.7
-2.04	0.33	10.59
-2.02	0.34	10.56
-2.08	0.46	10.49
-2.19	0.63	10.61
-2.14	0.67	10.55
-2.21	0.42	10.51
-2.15	0.47	10.52
-2.18	0.29	10.59
-2.13	0.38	10.6
-2.14	0.62	10.49
-2.18	0.75	10.55
-2.2	0.91	10.58
-2.02	0.92	10.68
-2.01	0.72	10.69
-2.05	0.71	10.55
-2.23	0.51	10.56
-2.18	0.51	10.54
-2.09	0.47	10.61
-2.1	0.37	10.62
-2.15	0.55	10.59
-2.16	0.6	10.69
-2.14	0.65	10.51
-2.07	0.8	10.53
-2.11	0.88	10.61
-2.2	0.8	10.67
-2.08	1.03	10.55
-1.99	0.86	10.53
-2.08	0.59	10.66
-2.08	0.57	10.42
-2.08	0.29	10.56
-2.19	0.29	10.5
-2.25	0.62	10.42
-2.09	0.63	10.44
-2.03	0.82	10.62
-2.02	0.84	10.75
-1.99	0.89	10.68
-2.07	0.71	10.6
-2.24	0.63	10.44
-2.09	0.84	10.57
-2	0.59	10.58
-2.2	0.51	10.78
-2.23	0.65	10.57
-2.28	0.55	10.48
-2.23	0.77	10.61
-2.22	0.62	10.74
-2.3	0.68	10.61
-2.17	0.55	10.65
-2.35	0.32	10.65
-2.41	0.31	10.56
-2.5	0.49	10.57
-2.59	0.32	10.5
-2.68	0.29	10.45
-2.62	0.18	10.39
-2.61	0.12	10.35
-2.67	-0.01	10.5
-2.76	-0.02	10.38
-2.84	-0.15	10.43
-2.92	-0.13	10.29
-2.95	-0.2	10.32
-2.91	-0.35	10.27
-3.06	-0.24	10.39
-3.03	-0.12	10.44
-3.11	-0.14	10.25
-3.11	-0.25	10.17
-3.16	-0.15	10.21
-3.23	-0.2	10.25
-3.17	-0.31	10.45
-3.11	-0.34	10.15
-3.12	-0.52	10.25
-3.16	-0.53	10.3
-3.23	-0.41	10.35
-3.29	-0.48	10.3
-3.39	-0.41	9.96
-3.48	-0.5	10.3
-3.44	-0.49	10.21
-3.42	-0.63	10.2
-3.54	-0.56	10.1
-3.55	-0.61	10.03
-3.5	-0.8	10.23
-3.59	-0.72	10.03
-3.66	-0.7	9.93
-3.64	-0.74	10.13
-3.7	-0.68	9.93
-3.76	-0.76	10.02
-3.71	-0.66	9.99
-3.79	-0.8	10.04
-3.71	-0.8	10.03
-3.73	-0.86	9.92
-3.67	-0.88	9.85
-3.61	-0.9	9.93
-3.66	-0.87	9.9
-3.66	-0.7	10.25
-3.63	-0.64	10.03
-3.59	-0.64	9.98
-3.53	-0.81	10.15
-3.52	-0.7	10.14
-3.53	-0.71	10.06
-3.47	-0.8	10.14
-3.42	-0.67	10.02
-3.42	-0.61	10.18
-3.47	-0.47	10.08
-3.43	-0.5	10.27
-3.29	-0.57	10.18
-3.23	-0.47	10.11
-3.27	-0.53	10.12
-3.24	-0.52	10.29
-3.2	-0.34	10.41
-3.17	-0.33	10.34
-3.05	-0.28	10.21
-3.14	-0.29	10.25
-3.1	-0.27	10.46
-3.07	-0.15	10.22
-2.97	-0.25	10.29
-3	-0.16	10.26
-2.91	-0.14	10.29
-2.87	-0.08	10.35
-2.88	-0.09	10.43
-2.84	-0.1	10.35
-2.82	-0.1	10.53
-2.8	-0.06	10.37
-2.8	-0.06	10.5
-2.73	-0.01	10.49
-2.71	0.07	10.49
-2.72	0.06	10.55
-2.7	0.09	10.3
-2.64	0.1	10.51
-2.61	0.14	10.48
-2.67	0.19	10.47
-2.58	0.15	10.49
-2.58	0.19	10.42
-2.62	0.26	10.5
-2.53	0.3	10.52
-2.52	0.32	10.49
-2.54	0.17	10.52
-2.47	0.25	10.52
-2.48	0.35	10.54
-2.47	0.37	10.58
-2.45	0.28	10.57
-2.46	0.32	10.45
-2.42	0.41	10.47
-2.41	0.43	10.49
-2.41	0.36	10.48
-2.36	0.31	10.53
-2.35	0.48	10.54
-2.36	0.43	10.49
-2.34	0.38	10.49
-2.31	0.36	10.58
-2.29	0.49	10.64
-2.28	0.46	10.53
-2.31	0.47	10.42
-2.27	0.45	10.5
-2.27	0.49	10.61
-2.27	0.51	10.52
-2.34	0.46	10.58
-2.23	0.47	10.53
-2.24	0.5	10.54
-2.22	0.48	10.46
-2.23	0.52	10.54
-2.27	0.56	10.48
-2.2	0.49	10.59
-2.23	0.59	10.53
-2.28	0.52	10.47
-2.18	0.57	10.54
-2.23	0.58	10.73
-2.29	0.56	10.49
-2.28	0.55	10.5
-2.28	0.44	10.56
-2.34	0.62	10.57
-2.36	0.52	10.61
-2.47	0.43	10.65
-2.46	0.46	10.58
-2.52	0.43	10.46
-2.6	0.37	10.61
-2.64	0.3	10.57
-2.6	0.24	10.45
-2.72	0.13	10.42
-2.8	0.14	10.39
-2.82	0.09	10.36
-2.86	0.01	10.3
-2.97	-0.05	10.28
-2.93	-0.07	10.36
-3.04	-0.15	10.15
-3.01	-0.2	10.3
-3.01	-0.16	10.3
-3.03	-0.21	10.38
-3.07	-0.19	10.26
-3.04	-0.22	10.29
-3.09	-0.23	10.33
-3.11	-0.19	10.36
-3.12	-0.22	10.13
-3.14	-0.31	10.2
-3.15	-0.29	10.3
-3.15	-0.33	10.26
-3.15	-0.29	10.26
-3.14	-0.27	10.33
-3.16	-0.28	10.15
-3.24	-0.35	10.22
-3.24	-0.39	10.22
-3.21	-0.38	10.23
-3.19	-0.41	10.21
-3.24	-0.37	10.02
-3.15	-0.41	10.12
-3.15	-0.37	10.31
-3.2	-0.3	10.25
-3.13	-0.23	10.27
-3.11	-0.3	10.26
-3.12	-0.33	10.16
-3.06	-0.32	10.1
-3.01	-0.3	10.33
-3.01	-0.21	10.45
-2.89	-0.12	10.44
-2.94	-0.23	10.26
-2.93	-0.26	10.4
-2.84	-0.13	10.4
-2.84	-0.16	10.36
-2.78	-0.11	10.36
-2.76	-0.03	10.37
-2.77	0.08	10.37
-2.69	0.11	10.46
-2.61	0.03	10.56
-2.65	0.11	10.47
-2.6	0.09	10.38
-2.6	0.12	10.49
-2.52	0.12	10.59
-2.55	0.19	10.53
-2.44	0.24	10.58
-2.5	0.25	10.62
-2.45	0.23	10.44
-2.43	0.26	10.5
-2.44	0.29	10.63
-2.39	0.39	10.63
-2.36	0.42	10.58
-2.38	0.33	10.62
-2.42	0.38	10.48
-2.34	0.48	10.58
-2.29	0.41	10.44
-2.35	0.47	10.56
-2.3	0.45	10.57
-2.29	0.49	10.59
-2.25	0.47	10.62
-2.28	0.51	10.56
-2.23	0.49	10.59
-2.22	0.49	10.55
-2.24	0.51	10.6
-2.28	0.54	10.54
-2.26	0.53	10.54
-2.17	0.58	10.73
-2.2	0.55	10.62
-2.19	0.52	10.46
-2.2	0.52	10.48
-2.22	0.63	10.64
-2.19	0.62	10.61
-2.26	0.62	10.55
-2.21	0.55	10.64
-2.23	0.53	10.49
-2.23	0.6	10.55
-2.12	0.65	10.61
-2.17	0.61	10.56
-2.17	0.6	10.53
-2.18	0.69	10.61
-2.16	0.62	10.65
-2.17	0.6	10.61
-2.15	0.65	10.44
-2.13	0.61	10.52
-2.19	0.68	10.65
-2.15	0.68	10.6
-2.17	0.64	10.58
-2.13	0.64	10.64
-2.09	0.67	10.59
-2.14	0.62	10.55
-2.18	0.62	10.48
-2.11	0.64	10.65
-2.17	0.74	10.63
-2.19	0.7	10.69
-2.17	0.67	10.58
-2.16	0.59	10.49
-2.18	0.59	10.47
-2.24	0.64	10.57
-2.26	0.64	10.55
-2.25	0.59	10.61
-2.28	0.54	10.48
-2.29	0.56	10.5
-2.41	0.56	10.5
-2.35	0.47	10.72
-2.37	0.36	10.6
-2.42	0.42	10.47
-2.5	0.44	10.49
-2.54	0.4	10.52
-2.58	0.35	10.61
-2.51	0.29	10.57
-2.67	0.3	10.51
-2.7	0.08	10.44
-2.72	0.04	10.39
-2.73	0.06	10.38
-2.83	0.08	10.48
-2.84	0.09	10.5
-2.91	-0.04	10.39
-2.99	-0.05	10.27
-3.02	-0.19	10.26
-3.02	-0.11	10.24
-3.09	-0.18	10.27
-3.15	-0.26	10.29
-3.2	-0.23	10.34
-3.24	-0.35	10.33
-3.24	-0.34	10.21
-3.28	-0.29	10.09
-3.31	-0.47	10.1
-3.35	-0.54	10.28
-3.31	-0.49	10.22
-3.45	-0.53	10.15
-3.38	-0.54	10.2
-3.41	-0.58	10.13
-3.45	-0.58	10.04
-3.4	-0.59	10.05
-3.45	-0.44	10.16
-3.45	-0.43	10.21
-3.44	-0.57	10.17
-3.4	-0.56	10.17
-3.44	-0.67	10.05
-3.42	-0.55	10.05
-3.46	-0.42	10.16
-3.44	-0.4	10.1
-3.36	-0.48	10.07
-3.34	-0.44	10.14
-3.3	-0.46	10.19
-3.34	-0.46	10.17
-3.29	-0.52	10.17
-3.3	-0.52	10.16
-3.21	-0.45	10.17
-3.23	-0.37	10.1
-3.2	-0.36	10.06
-3.11	-0.31	10.37
-3.07	-0.3	10.51
-3.08	-0.25	10.21
-2.99	-0.25	10.25
-2.97	-0.17	10.24
-2.92	-0.2	10.41
-2.8	-0.11	10.37
-2.8	-0.02	10.47
-2.71	0.03	10.4
-2.76	-0.06	10.47
-2.71	0.03	10.53
-2.65	0.01	10.52
-2.6	0.04	10.39
-2.62	0.14	10.55
-2.58	0.2	10.46
-2.6	0.26	10.5
-2.53	0.24	10.55
-2.43	0.24	10.44
-2.4	0.28	10.5
-2.45	0.32	10.55
-2.4	0.34	10.46
-2.43	0.37	10.5
-2.39	0.38	10.63
-2.36	0.49	10.56
-2.26	0.41	10.52
-2.27	0.47	10.51
-2.27	0.41	10.57
-2.33	0.51	10.65
-2.28	0.58	10.6
-2.31	0.54	10.4
-2.24	0.58	10.69
-2.29	0.56	10.54
-2.24	0.61	10.62
-2.29	0.53	10.54
-2.26	0.55	10.51
-2.23	0.6	10.57
-2.31	0.56	10.57
-2.21	0.63	10.57
-2.2	0.56	10.54
-2.23	0.6	10.55
-2.25	0.58	10.58
-2.24	0.6	10.52
-2.19	0.64	10.54
-2.2	0.58	10.5
-2.25	0.66	10.71
-2.2	0.67	10.55
-2.16	0.63	10.52
-2.2	0.69	10.57
-2.14	0.63	10.61
-2.14	0.71	10.59
-2.12	0.7	10.57
-2.13	0.62	10.53
-2.14	0.67	10.54
-2.17	0.72	10.52
-2.16	0.74	10.62
-2.11	0.63	10.56
-2.14	0.65	10.58
-2.18	0.71	10.52
-2.23	0.69	10.63
-2.14	0.74	10.57
-2.17	0.65	10.57
-2.16	0.68	10.53
-2.17	0.77	10.61
-2.17	0.77	10.61
-2.11	0.69	10.42
-2.14	0.73	10.57
-2.14	0.74	10.59
-2.13	0.73	10.62
-2.15	0.7	10.48
-2.17	0.72	10.55
-2.17	0.7	10.67
-2.11	0.85	10.57
-2.18	0.67	10.61
-2.13	0.61	10.54
-2.2	0.66	10.5
-2.2	0.66	10.52
-2.24	0.74	10.61
-2.31	0.66	10.54
-2.42	0.63	10.89
-2.34	0.59	10.56
-2.34	0.61	10.52
-2.46	0.41	10.57
-2.51	0.48	10.58
-2.58	0.39	10.64
-2.63	0.56	10.47
-2.64	0.27	10.38
-2.74	0.11	10.42
-2.77	0.02	10.38
-2.84	0.11	10.37
-2.91	0.11	10.25
-2.98	-0.04	10.39
-3.01	0.01	10.16
-3.09	-0.1	10.21
-3.09	-0.08	10.3
-3.1	-0.2	10.38
-3.14	-0.19	10.24
-3.27	-0.26	10.15
-3.21	-0.29	10.19
-3.23	-0.28	10.3
-3.25	-0.41	10.22
-3.27	-0.42	10.09
-3.27	-0.36	10.15
-3.28	-0.37	10.18
-3.24	-0.42	10.34
-3.28	-0.37	10.15
-3.28	-0.44	10.2
-3.31	-0.48	10.17
-3.32	-0.52	10.05
-3.35	-0.46	10.2
-3.3	-0.36	10.24
-3.29	-0.32	10.34
-3.25	-0.42	10.26
-3.27	-0.4	10.21
-3.25	-0.4	10.19
-3.37	-0.4	10.25
-3.27	-0.45	10.17
-3.28	-0.41	10.18
-3.31	-0.36	10.15
-3.24	-0.35	10.25
-3.22	-0.31	10.16
-3.26	-0.47	10.21
-3.23	-0.44	10.27
-3.19	-0.31	10.23
-3.18	-0.32	10.28
-3.24	-0.38	10.37
-3.16	-0.34	10.27
-3.11	-0.39	10.34
-3.15	-0.32	10.27
-3.05	-0.26	10.31
-3.07	-0.3	10.21
-3.08	-0.3	10.29
-3.02	-0.27	10.11
-3.05	-0.36	10.3
-2.88	-0.16	10.25
-2.98	-0.09	10.39
-2.92	-0.06	10.37
-2.86	-0.09	10.39
-2.73	-0.17	10.55
-2.68	0	10.36
-2.7	0.05	10.38
-2.64	0.12	10.4
-2.67	0.14	10.49
-2.57	0.11	10.54
-2.56	0.23	10.53
-2.55	0.28	10.5
-2.49	0.21	10.5
-2.48	0.19	10.56
-2.41	0.23	10.38
-2.44	0.34	10.62
-2.41	0.41	10.55
-2.41	0.43	10.49
-2.44	0.42	10.52
-2.35	0.39	10.67
-2.4	0.46	10.58
-2.39	0.41	10.49
-2.36	0.39	10.52
-2.41	0.51	10.67
-2.4	0.63	10.64
-2.42	0.59	10.56
-2.31	0.49	10.51
-2.33	0.51	10.45
-2.32	0.57	10.49
-2.3	0.6	10.62
-2.24	0.56	10.62
-2.31	0.54	10.47
-2.32	0.62	10.55
-2.31	0.61	10.63
-2.34	0.61	10.56
-2.36	0.63	10.65
-2.25	0.59	10.48
-2.28	0.58	10.52
-2.31	0.63	10.53
-2.29	0.55	10.61
-2.26	0.63	10.63
-2.25	0.66	10.61
-2.26	0.54	10.51
-2.25	0.63	10.4
-2.23	0.62	10.58
-2.26	0.62	10.61
-2.25	0.67	10.52
-2.27	0.66	10.61
-2.21	0.62	10.66
-2.21	0.68	10.43
-2.19	0.67	10.59
-2.23	0.69	10.47
-2.23	0.64	10.5
-2.25	0.67	10.54
-2.19	0.66	10.55
-2.23	0.66	10.52
-2.21	0.6	10.52
-2.27	0.62	10.57
-2.2	0.68	10.54
-2.26	0.68	10.63
-2.32	0.62	10.68
-2.24	0.59	10.49
-2.25	0.63	10.52
-2.29	0.59	10.55
-2.28	0.52	10.51
-2.35	0.59	10.41
-2.35	0.51	10.56
-2.37	0.6	10.57
-2.35	0.56	10.56
-2.41	0.5	10.61
-2.41	0.48	10.53
-2.45	0.5	10.48
-2.49	0.48	10.61
-2.54	0.41	10.51
-2.55	0.34	10.63
-2.62	0.36	10.64
-2.73	0.26	10.47
-2.68	0.19	10.39
-2.73	0.09	10.37
-2.81	-0.1	10.4
-2.9	0.09	10.28
-2.96	0.01	10.39
-3.01	-0.12	10.4
-3.1	-0.1	10.32
-3.15	-0.1	10.26
-3.11	-0.17	10.15
-3.17	-0.28	10.25
-3.26	-0.33	10.22
-3.35	-0.39	10.17
-3.39	-0.31	10.2
-3.38	-0.34	10.26
-3.41	-0.51	10.09
-3.43	-0.53	10.05
-3.47	-0.55	10.05
-3.42	-0.49	10.2
-3.47	-0.44	10.19
-3.49	-0.56	10.21
-3.59	-0.56	10.04
-3.54	-0.57	10.11
-3.57	-0.66	9.98
-3.6	-0.67	10.01
-3.64	-0.65	9.92
-3.68	-0.64	10.09
-3.65	-0.72	10.01
-3.63	-0.77	9.93
-3.59	-0.73	10.02
-3.56	-0.76	10.14
-3.63	-0.78	10.13
-3.64	-0.7	10.09
-3.63	-0.7	10.03
-3.61	-0.7	10.04
-3.54	-0.75	10.1
-3.58	-0.77	10.1
-3.56	-0.71	10.04
-3.53	-0.63	10.18
-3.5	-0.62	10.21
-3.54	-0.59	10.08
-3.46	-0.64	10.1
-3.39	-0.62	10.12
-3.48	-0.64	10.06
-3.44	-0.7	10.16
-3.47	-0.62	10.03
-3.41	-0.52	9.97
-3.38	-0.56	10.21
-3.24	-0.43	10.26
-3.31	-0.4	10.25
-3.16	-0.5	10.28
-3.13	-0.31	10.36
-3.02	-0.28	10.31
-3.01	-0.3	10.22
-2.98	-0.11	10.24
-2.95	-0.13	10.42
-2.88	-0.07	10.44
-2.84	-0.03	10.47
-2.69	-0.13	10.37
-2.75	0.04	10.38
-2.74	0.08	10.36
-2.72	0.08	10.41
-2.59	0.05	10.4
-2.6	0.16	10.57
-2.56	0.17	10.42
-2.53	0.27	10.65
-2.51	0.27	10.58
-2.55	0.16	10.59
-2.48	0.29	10.43
-2.45	0.35	10.53
-2.44	0.35	10.46
-2.46	0.39	10.47
-2.39	0.37	10.64
-2.4	0.42	10.47
-2.33	0.47	10.49
-2.34	0.43	10.5
-2.39	0.41	10.64
-2.38	0.59	10.5
-2.34	0.55	10.59
-2.32	0.47	10.61
-2.26	0.45	10.55
-2.31	0.51	10.56
-2.28	0.59	10.48
-2.25	0.5	10.7
-2.27	0.56	10.56
-2.27	0.55	10.59
-2.25	0.53	10.5
-2.25	0.55	10.53
-2.28	0.54	10.51
-2.28	0.6	10.52
-2.18	0.67	10.61
-2.22	0.57	10.59
-2.31	0.63	10.54
-2.18	0.65	10.48
-2.2	0.69	10.58
-2.21	0.59	10.49
-2.29	0.63	10.59
-2.23	0.59	10.54
-2.24	0.67	10.61
-2.2	0.7	10.67
-2.19	0.66	10.49
-2.16	0.56	10.59
-2.18	0.62	10.5
-2.17	0.7	10.6
-2.15	0.7	10.48
-2.24	0.61	10.49
-2.22	0.7	10.55
-2.16	0.71	10.6
-2.21	0.64	10.56
-2.22	0.69	10.57
-2.19	0.68	10.57
-2.16	0.68	10.5
-2.18	0.72	10.52
-2.19	0.72	10.57
-2.16	0.63	10.45
-2.23	0.68	10.49
-2.19	0.66	10.7
-2.28	0.67	10.54
-2.35	0.67	10.58
-2.34	0.6	10.65
-2.32	0.65	10.59
-2.36	0.54	10.54
-2.45	0.5	10.48
-2.39	0.37	10.55
-2.34	0.47	10.7
-2.56	0.53	10.47
-2.61	0.49	10.35
-2.55	0.19	10.42
-2.58	0.2	10.42
-2.67	0.24	10.35
-2.79	0.23	10.47
-2.75	0.18	10.48
-2.85	0	10.32
-2.82	0.05	10.36
-2.89	-0.06	10.42
-3.04	-0.05	10.28
-3.03	-0.21	10.35
-3.03	-0.24	10.28
-3.13	-0.25	10.27
-3.06	-0.36	10.33
-3.14	-0.29	10.22
-3.21	-0.24	10.1
-3.29	-0.36	10.32
-3.22	-0.37	10.21
-3.23	-0.44	10.32
-3.24	-0.36	10.14
-3.32	-0.43	10.16
-3.37	-0.41	10.15
-3.3	-0.52	10.17
-3.29	-0.47	10.27
-3.3	-0.48	10.16
-3.32	-0.47	10.24
-3.37	-0.48	10.29
-3.33	-0.61	10.22
-3.34	-0.54	10.1
-3.33	-0.52	10.18
-3.42	-0.48	10.21
-3.34	-0.5	10.22
-3.39	-0.46	10.26
-3.31	-0.53	10.38
-3.36	-0.53	10.05
-3.37	-0.55	10.21
-3.36	-0.45	10.25
-3.35	-0.42	10.28
-3.32	-0.52	10.14
-3.31	-0.57	10.23
-3.33	-0.5	10.05
-3.3	-0.51	10.17
-3.31	-0.37	10.29
-3.24	-0.44	10.21
-3.2	-0.53	10.23
-3.23	-0.44	10.29
-3.21	-0.34	10.32
-3.23	-0.42	10.25
-3.24	-0.41	10.15
-3.2	-0.51	10.25
-3.17	-0.44	10.27
-3.2	-0.28	10.31
-3.22	-0.4	10.24
-3.13	-0.42	10.28
-3.13	-0.32	10.31
-3.06	-0.38	10.12
-3.09	-0.33	10.23
-3.07	-0.32	10.25
-3.05	-0.27	10.29
-2.99	-0.15	10.3
-2.94	-0.3	10.43
-2.93	-0.27	10.3
-2.85	-0.22	10.34
-2.88	-0.05	10.48
-2.76	0.07	10.46
-2.82	-0.03	10.34
-2.7	0.06	10.49
-2.59	0.02	10.51
-2.59	0.08	10.5
-2.69	0.26	10.51
-2.6	0.21	10.49
-2.57	0.26	10.55
-2.5	0.29	10.65
-2.52	0.26	10.51
-2.49	0.33	10.5
-2.44	0.29	10.54
-2.4	0.37	10.52
-2.41	0.37	10.46
-2.35	0.39	10.51
-2.37	0.43	10.66
-2.38	0.47	10.51
-2.34	0.53	10.51
-2.34	0.41	10.57
-2.29	0.4	10.59
-2.26	0.49	10.51
-2.3	0.55	10.61
-2.28	0.51	10.68
-2.27	0.54	10.48
-2.23	0.55	10.56
-2.25	0.51	10.6
-2.22	0.58	10.5
-2.24	0.55	10.54
-2.22	0.59	10.58
-2.2	0.56	10.57
-2.25	0.62	10.58
-2.22	0.57	10.59
-2.25	0.58	10.62
-2.18	0.61	10.55
-2.21	0.63	10.58
-2.25	0.54	10.5
-2.22	0.56	10.52
-2.2	0.69	10.58
-2.19	0.63	10.58
-2.21	0.55	10.54
-2.14	0.53	10.52
-2.13	0.61	10.59
-2.16	0.66	10.61
-2.13	0.69	10.54
-2.11	0.61	10.59
-2.17	0.68	10.65
-2.12	0.69	10.64
-2.16	0.66	10.72
-2.14	0.61	10.55
-2.21	0.67	10.53
-2.18	0.67	10.54
-2.15	0.67	10.58
-2.12	0.68	10.52
-2.15	0.71	10.51
-2.14	0.65	10.64
-2.13	0.62	10.58
-2.13	0.66	10.57
-2.2	0.64	10.54
-2.22	0.67	10.69
-2.23	0.75	10.74
-2.24	0.61	10.61
-2.28	0.57	10.51
-2.32	0.47	10.58
-2.34	0.53	10.59
-2.42	0.58	10.7
-2.56	0.54	10.57
-2.6	0.32	10.47
-2.6	0.1	10.46
-2.65	0.17	10.47
-2.79	0.1	10.39
-2.76	0.1	10.26
-2.8	0.1	10.28
-2.87	-0.04	10.36
-2.9	-0.06	10.43
-2.94	-0.07	10.33
-2.96	-0.09	10.51
-3.02	-0.08	10.25
-3.02	-0.17	10.33
-3.07	-0.17	10.3
-3.1	-0.16	10.07
-3.14	-0.1	10.22
-3.11	-0.16	10.33
-3.19	-0.21	10.18
-3.12	-0.25	10.28
-3.19	-0.33	10.28
-3.24	-0.27	10.26
-3.34	-0.24	10.21
-3.28	-0.34	10.2
-3.29	-0.37	10.32
-3.32	-0.27	10.13
-3.35	-0.38	10.14
-3.32	-0.47	10.22
-3.33	-0.42	10.27
-3.33	-0.44	10.11
-3.4	-0.35	10.24
-3.37	-0.42	10.15
-3.37	-0.51	10.17
-3.32	-0.43	10.3
-3.33	-0.38	10.16
-3.31	-0.47	10.21
-3.3	-0.4	10.15
-3.32	-0.43	10.17
-3.27	-0.43	10.4
-3.3	-0.4	10.23
-3.23	-0.4	10.39
-3.19	-0.35	10.21
-3.25	-0.28	10.16
-3.22	-0.44	10.46
-3.26	-0.39	10.23
-3.31	-0.46	10.2
-3.23	-0.39	10.25
-3.19	-0.29	10.22
-3.19	-0.37	10.27
-3.23	-0.31	10.3
-3.15	-0.37	10.31
-3.13	-0.33	10.25
-3.15	-0.31	10.35
-3.15	-0.29	10.18
-3.2	-0.36	10.26
-3.12	-0.29	10.26
-3.16	-0.25	10.32
-3.1	-0.32	10.26
-3.1	-0.33	10.1
-3.11	-0.3	10.11
-3.06	-0.29	10.2
-2.95	-0.19	10.57
-2.95	-0.03	10.44
-2.86	0	10.27
-2.85	-0.12	10.38
-2.82	-0.1	10.48
-2.82	-0.15	10.35
-2.76	-0.04	10.39
-2.73	0.09	10.52
-2.71	0.15	10.4
-2.72	0.07	10.51
-2.68	0.14	10.54
-2.65	0.12	10.44
-2.66	0.17	10.48
-2.58	0.16	10.53
-2.53	0.2	10.41
-2.56	0.22	10.4
-2.51	0.32	10.63
-2.46	0.25	10.52
-2.5	0.3	10.44
-2.5	0.14	10.38
-2.47	0.27	10.6
-2.48	0.4	10.58
-2.44	0.39	10.53
-2.37	0.42	10.55
-2.42	0.33	10.51
-2.4	0.4	10.59
-2.4	0.42	10.52
-2.36	0.43	10.53
-2.35	0.4	10.49
-2.39	0.46	10.56
-2.32	0.46	10.6
-2.35	0.43	10.54
-2.36	0.51	10.6
-2.3	0.45	10.54
-2.32	0.52	10.59
-2.32	0.54	10.59
-2.26	0.51	10.55
-2.24	0.52	10.52
-2.23	0.51	10.5
-2.28	0.56	10.53
-2.29	0.53	10.51
-2.22	0.54	10.42
-2.29	0.54	10.66
-2.25	0.64	10.61
-2.24	0.64	10.56
-2.26	0.57	10.51
-2.22	0.41	10.55
-2.24	0.55	10.62
-2.24	0.63	10.56
-2.25	0.57	10.53
-2.21	0.62	10.55
-2.2	0.52	10.64
-2.18	0.65	10.53
-2.21	0.6	10.59
-2.24	0.55	10.48
-2.2	0.56	10.53
-2.21	0.6	10.61
-2.25	0.63	10.53
-2.23	0.61	10.64
-2.29	0.62	10.55
-2.34	0.59	10.6
-2.34	0.53	10.55
-2.35	0.53	10.63
-2.4	0.49	10.53
-2.46	0.47	10.57
-2.62	0.43	10.6
-2.59	0.39	10.5
-2.62	0.29	10.4
-2.62	0.15	10.51
-2.61	0.1	10.31
-2.72	0.19	10.39
-2.83	0.19	10.24
-2.88	0	10.41
-2.88	-0.01	10.31
-2.91	-0.09	10.35
-3.09	-0.14	10.31
-2.98	-0.12	10.26
-3.04	-0.05	10.21
-3.14	-0.24	10.28
-3.22	-0.44	10.27
-3.21	-0.37	10.17
-3.16	-0.42	10.18
-3.18	-0.42	10.19
-3.25	-0.42	10.32
-3.29	-0.42	10.22
-3.32	-0.47	10.06
-3.31	-0.41	10.27
-3.35	-0.41	10.25
-3.36	-0.37	10.2
-3.33	-0.45	10.21
-3.41	-0.43	10.15
-3.39	-0.39	10.2
-3.32	-0.42	10.19
-3.38	-0.51	10.26
-3.33	-0.48	10.21
-3.33	-0.44	10.15
-3.38	-0.45	10.18
-3.39	-0.53	10.22
-3.35	-0.45	10.04
-3.37	-0.52	10.13
-3.45	-0.44	10.12
-3.39	-0.49	10.14
-3.35	-0.46	10.14
-3.35	-0.45	10.16
-3.33	-0.42	10.24
-3.26	-0.49	10.33
-3.31	-0.5	10.08
-3.38	-0.44	10.23
-3.31	-0.43	10.17
-3.3	-0.4	10.17
-3.26	-0.54	10.21
-3.26	-0.44	10.26
-3.24	-0.31	10.22
-3.23	-0.35	10.39
-3.2	-0.34	10.32
-3.16	-0.39	10.32
-3.08	-0.32	10.31
-3.05	-0.29	10.34
-3.07	-0.3	10.26
-3.02	-0.17	10.31
-3.01	-0.26	10.3
-2.97	-0.17	10.34
-2.85	-0.27	10.38
-2.84	0	10.44
-2.83	-0.02	10.42
-2.75	0.07	10.56
-2.75	0.1	10.51
-2.71	0.12	10.42
-2.59	0.1	10.37
-2.64	0.18	10.37
-2.58	0.28	10.53
-2.54	0.28	10.59
-2.51	0.3	10.47
-2.4	0.27	10.51
-2.41	0.29	10.46
-2.35	0.37	10.5
-2.51	0.38	10.51
-2.41	0.37	10.49
-2.37	0.48	10.51
-2.37	0.52	10.65
-2.32	0.49	10.55
-2.37	0.5	10.61
-2.36	0.54	10.5
-2.3	0.51	10.55
-2.3	0.55	10.56
-2.28	0.51	10.47
-2.29	0.5	10.59
-2.27	0.55	10.51
-2.26	0.62	10.58
-2.32	0.51	10.55
-2.25	0.59	10.58
-2.25	0.52	10.5
-2.23	0.61	10.59
-2.16	0.63	10.61
-2.29	0.49	10.63
-2.25	0.51	10.61
-2.21	0.65	10.44
-2.15	0.66	10.55
-2.2	0.64	10.54
-2.19	0.62	10.45
-2.15	0.58	10.55
-2.14	0.63	10.6
-2.19	0.63	10.5
-2.13	0.63	10.48
-2.2	0.63	10.52
-2.19	0.67	10.51
-2.16	0.64	10.57
-2.2	0.68	10.49
-2.16	0.66	10.59
-2.21	0.65	10.6
-2.18	0.66	10.6
-2.19	0.61	10.55
-2.19	0.7	10.6
-2.21	0.67	10.54
-2.18	0.72	10.6
-2.2	0.64	10.61
-2.21	0.62	10.57
-2.23	0.62	10.61
-2.21	0.66	10.57
-2.26	0.77	10.63
-2.22	0.65	10.62
-2.22	0.59	10.59
-2.26	0.63	10.6
-2.28	0.57	10.58
-2.32	0.62	10.72
-2.27	0.63	10.51
-2.34	0.45	10.61
-2.38	0.46	10.62
-2.39	0.53	10.52
-2.51	0.42	10.5
-2.55	0.34	10.45
-2.61	0.29	10.5
-2.57	0.17	10.51
-2.68	0.18	10.38
-2.83	0.17	10.33
-2.84	0.12	10.35
-2.85	0.08	10.32
-2.89	-0.01	10.37
-2.89	-0.06	10.35
-2.97	-0.13	10.27
-3.04	-0.11	10.3
-3.04	-0.08	10.36
-3.05	-0.07	10.34
-3.11	-0.2	10.29
-3.19	-0.22	10.31
-3.17	-0.38	10.27
-3.26	-0.28	10.3
-3.28	-0.29	10.27
-3.24	-0.3	10.28
-3.28	-0.38	10.16
-3.36	-0.36	10.19
-3.35	-0.38	10.17
-3.4	-0.44	10.02
-3.36	-0.38	10.21
-3.34	-0.38	10.28
-3.41	-0.44	10.25
-3.4	-0.46	10.17
-3.4	-0.39	10.23
-3.42	-0.41	10.1
-3.33	-0.55	10.2
-3.36	-0.42	10.2
-3.42	-0.4	10.05
-3.34	-0.39	10.27
-3.3	-0.41	10.21
-3.33	-0.42	10.12
-3.3	-0.45	10.16
-3.3	-0.4	10.33
-3.3	-0.34	10.15
-3.29	-0.36	10.31
-3.22	-0.4	10.26
-3.25	-0.37	10.12
-3.19	-0.33	10.21
-3.19	-0.35	10.14
-3.13	-0.24	10.25
-3.03	-0.28	10.41
-2.97	-0.16	10.38
-2.9	-0.17	10.5
-2.93	-0.12	10.31
-2.9	-0.11	10.34
-2.83	-0.06	10.34
-2.79	0.09	10.54
-2.74	0.16	10.47
-2.63	0.12	10.35
-2.62	0.17	10.43
-2.61	0.24	10.55
-2.57	0.28	10.46
-2.47	0.24	10.45
-2.45	0.26	10.56
-2.49	0.43	10.46
-2.46	0.37	10.54
-2.35	0.4	10.56
-2.41	0.39	10.4
-2.39	0.51	10.47
-2.3	0.43	10.62
-2.3	0.5	10.55
-2.31	0.51	10.6
-2.29	0.57	10.49
-2.25	0.67	10.56
-2.33	0.62	10.55
-2.26	0.57	10.44
-2.22	0.6	10.46
-2.3	0.66	10.65
-2.19	0.71	10.69
-2.16	0.71	10.55
-2.21	0.66	10.54
-2.22	0.65	10.4
-2.17	0.73	10.57
-2.18	0.7	10.54
-2.19	0.71	10.49
-2.16	0.63	10.52
-2.18	0.69	10.46
-2.14	0.74	10.64
-2.23	0.66	10.51
-2.16	0.68	10.48
-2.17	0.72	10.49
-2.14	0.71	10.58
-2.08	0.75	10.57
-2.2	0.73	10.59
-2.19	0.74	10.47
-2.14	0.76	10.68
-2.15	0.72	10.53
-2.16	0.71	10.58
-2.1	0.7	10.51
-2.12	0.78	10.7
-2.15	0.83	10.59
-2.13	0.74	10.61
-2.16	0.72	10.66
-2.04	0.72	10.55
-2.13	0.82	10.46
-2.11	0.81	10.58
-2.15	0.79	10.5
-2.06	0.72	10.57
-2.1	0.81	10.57
-2.14	0.8	10.49
-2.16	0.8	10.52
-2.1	0.74	10.56
-2.11	0.75	10.6
-2.2	0.78	10.68
-2.15	0.81	10.52
-2.23	0.73	10.55
-2.18	0.67	10.51
-2.22	0.72	10.63
-2.28	0.77	10.6
-2.16	0.73	10.47
-2.32	0.64	10.56
-2.27	0.62	10.58
-2.33	0.67	10.63
-2.37	0.65	10.61
-2.39	0.58	10.5
-2.44	0.48	10.66
-2.45	0.45	10.42
-2.54	0.54	10.5
-2.6	0.41	10.54
-2.64	0.24	10.58
-2.72	0.21	10.39
-2.8	0.29	10.39
-2.82	0.08	10.55
-2.96	0.1	10.17
-2.94	-0.07	10.23
-2.95	-0.17	10.22
-2.96	-0.1	10.31
-3.12	-0.06	10.28
-3.1	-0.08	10.39
-3.04	-0.18	10.26
-3.1	-0.31	10.31
-3	-0.33	10.32
-3.12	-0.25	10.27
-3.13	-0.31	10.18
-3.14	-0.1	10.27
-3.23	-0.27	10.25
-3.14	-0.38	10.26
-3.12	-0.36	10.26
-3.18	-0.31	10.14
-3.19	-0.23	10.28
-3.15	-0.3	10.23
-3.21	-0.34	10.4
-3.23	-0.22	10.24
-3.3	-0.26	10.19
-3.13	-0.36	10.29
-3.17	-0.36	10.2
-3.21	-0.4	10.23
-3.21	-0.25	10.21
-3.18	-0.27	10.31
-3.15	-0.33	10.25
-3.15	-0.28	10.3
-3.11	-0.3	10.37
-3.21	-0.37	10.2
-3.23	-0.32	10.36
-3.23	-0.26	10.35
-3.18	-0.23	10.35
-3.22	-0.29	10.25
-3.14	-0.4	10.28
-3.09	-0.36	10.16
-3.11	-0.29	10.19
-3.07	-0.17	10.4
-3.11	-0.2	10.33
-3.12	-0.32	10.31
-3.05	-0.33	10.28
-3.13	-0.24	10.33
-3.1	-0.24	10.29
-3.13	-0.27	10.26
-3.07	-0.35	10.31
-3.06	-0.24	10.32
-3.03	-0.17	10.51
-3	-0.16	10.38
-3.09	-0.21	10.18
-2.97	-0.22	10.21
-2.96	-0.2	10.43
-2.87	-0.14	10.38
-2.87	-0.09	10.27
-2.83	-0.11	10.41
-2.86	0	10.38
-2.79	0.03	10.35
-2.74	0	10.56
-2.69	0.01	10.38
-2.66	0.13	10.39
-2.62	0.15	10.54
-2.58	0.23	10.54
-2.54	0.16	10.45
-2.52	0.27	10.49
-2.52	0.33	10.43
-2.44	0.29	10.62
-2.44	0.38	10.63
-2.46	0.38	10.46
-2.43	0.39	10.47
-2.37	0.43	10.5
-2.37	0.46	10.51
-2.35	0.48	10.47
-2.41	0.39	10.56
-2.29	0.43	10.55
-2.3	0.52	10.55
-2.28	0.46	10.41
-2.32	0.43	10.44
-2.29	0.53	10.64
-2.28	0.62	10.5
-2.33	0.59	10.53
-2.31	0.55	10.48
-2.24	0.47	10.53
-2.26	0.62	10.5
-2.28	0.63	10.49
-2.25	0.6	10.52
-2.25	0.59	10.49
-2.28	0.63	10.56
-2.26	0.61	10.48
-2.22	0.57	10.54
-2.28	0.63	10.53
-2.2	0.62	10.46
-2.28	0.65	10.58
-2.22	0.64	10.61
-2.28	0.63	10.49
-2.28	0.69	10.55
-2.18	0.72	10.45
-2.12	0.66	10.57
-2.18	0.65	10.47
-2.14	0.61	10.56
-2.19	0.68	10.56
-2.2	0.74	10.53
-2.1	0.68	10.5
-2.18	0.64	10.55
-2.15	0.67	10.48
-2.17	0.74	10.55
-2.17	0.75	10.54
-2.15	0.68	10.57
-2.12	0.7	10.53
-2.17	0.72	10.59
-2.17	0.77	10.63
-2.13	0.67	10.54
-2.21	0.7	10.48
-2.21	0.66	10.59
-2.17	0.7	10.55
-2.24	0.76	10.61
-2.19	0.68	10.51
-2.19	0.66	10.59
-2.21	0.68	10.63
-2.18	0.76	10.58
-2.27	0.64	10.6
-2.36	0.56	10.52
-2.3	0.57	10.43
-2.42	0.62	10.57
-2.47	0.45	10.52
-2.51	0.4	10.55
-2.62	0.33	10.35
-2.64	0.39	10.4
-2.7	0.25	10.36
-2.77	0.18	10.41
-2.79	0.03	10.36
-2.88	0.05	10.27
-2.9	0.09	10.22
-2.92	0.08	10.4
-3.03	-0.04	10.4
-3.05	-0.06	10.22
-3.06	-0.11	10.27
-3.07	-0.24	10.32
-3.12	-0.14	10.21
-3.2	-0.23	10.28
-3.19	-0.08	10.16
-3.14	-0.23	10.21
-3.27	-0.29	10.33
-3.28	-0.26	10
-3.33	-0.32	10.25
-3.37	-0.29	10.29
-3.38	-0.28	10.22
-3.4	-0.45	9.96
-3.47	-0.51	10.26
-3.45	-0.43	10.19
-3.52	-0.39	10.14
-3.4	-0.57	9.99
-3.42	-0.54	10.22
-3.46	-0.44	10.24
-3.45	-0.43	10.08
-3.45	-0.53	10.06
-3.46	-0.58	10.17
-3.47	-0.48	10.14
-3.43	-0.44	10.11
-3.45	-0.49	10.29
-3.42	-0.41	10.05
-3.44	-0.42	10.11
-3.35	-0.53	10.15
-3.35	-0.48	10.18
-3.31	-0.45	10.14
-3.36	-0.39	10.21
-3.37	-0.36	10.36
-3.36	-0.42	10.17
-3.31	-0.53	10.19
-3.3	-0.53	10.1
-3.32	-0.37	10.1
-3.28	-0.3	10.14
-3.19	-0.4	10.23
-3.17	-0.3	10.27
-3.09	-0.22	10.44
-3.09	-0.31	10.27
-3.09	-0.31	10.25
-2.97	-0.31	10.24
-2.95	-0.13	10.35
-2.88	-0.06	10.44
-2.83	0.04	10.38
-2.74	0.02	10.55
-2.69	0	10.63
-2.71	0.1	10.43
-2.64	0.18	10.42
-2.61	0.19	10.32
-2.57	0.17	10.53
-2.56	0.32	10.59
-2.51	0.39	10.53
-2.44	0.3	10.57
-2.4	0.35	10.52
-2.35	0.42	10.52
-2.35	0.43	10.56
-2.38	0.57	10.55
-2.3	0.44	10.46
-2.27	0.5	10.47
-2.26	0.59	10.55
-2.31	0.68	10.47
-2.28	0.54	10.51
-2.19	0.56	10.5
-2.22	0.59	10.52
-2.25	0.74	10.55
-2.21	0.73	10.5
-2.25	0.75	10.48
-2.23	0.77	10.65
-2.3	0.81	10.6
-2.22	0.81	10.5
-2.16	0.73	10.4
-2.21	0.8	10.53
-2.18	0.89	10.54
-2.17	0.86	10.55
-2.19	0.79	10.46
-2.2	0.79	10.47
-2.21	0.83	10.54
-2.21	0.91	10.5
-2.21	0.83	10.52
-2.18	0.87	10.55
-2.22	0.9	10.58
-2.17	0.89	10.46
-2.19	0.93	10.52
-2.18	0.9	10.54
-2.21	0.87	10.59
-2.18	0.86	10.64
-2.13	0.91	10.56
-2.16	0.92	10.49
-2.19	0.92	10.56
-2.14	0.94	10.57
-2.13	0.87	10.49
-2.09	0.83	10.52
-2.17	0.89	10.54
-2.24	0.95	10.58
-2.13	0.93	10.58
-2.12	0.86	10.5
-2.17	0.86	10.62
-2.17	0.9	10.53
-2.21	0.97	10.52
-2.13	0.93	10.56
-2.13	0.88	10.45
-2.17	0.93	10.57
-2.14	0.91	10.64
-2.11	0.86	10.59
-2.22	0.85	10.56
-2.15	0.88	10.43
-2.17	0.88	10.49
-2.13	0.92	10.49
-2.18	0.91	10.54
-2.15	0.86	10.64
-2.14	0.89	10.51
-2.18	0.95	10.63
-2.22	0.86	10.65
-2.24	0.83	10.44
-2.34	0.75	10.51
-2.37	0.75	10.59
-2.38	0.81	10.56
-2.47	0.7	10.39
-2.45	0.5	10.5
-2.47	0.5	10.56
-2.48	0.54	10.45
-2.51	0.57	10.64
-2.55	0.42	10.41
-2.52	0.3	10.46
-2.61	0.19	10.38
-2.54	0.15	10.46
-2.58	0.3	10.47
-2.64	0.36	10.34
-2.62	0.35	10.56
-2.54	0.18	10.54
-2.56	0.16	10.54
-2.73	0.18	10.21
-2.68	-0.07	10.35
-2.6	-0.01	10.45
-2.68	0.07	10.39
-2.71	0.24	10.38
-2.68	0.02	10.37
-2.72	0.01	10.47
-2.75	0.03	10.45
-2.78	0.09	10.38
-2.7	0.11	10.4
-2.73	0.1	10.47
-2.65	0.17	10.41
-2.64	0.17	10.53
-2.8	0.08	10.37
-2.7	0.09	10.44
-2.73	0.08	10.49
-2.53	-0.14	10.53
-2.54	-0.19	10.46
-2.55	0.12	10.53
-2.69	-0.1	10.55
-2.98	-0.06	10.36
-2.28	0.17	10.31
-2.64	0.55	10.93
-3.75	0.97	10.8
-2.61	0.91	9.88
-1.14	-1.36	10.54
-0.13	-2.58	10.6
-0.99	-1.87	11.3
-1.35	-0.5	10.97
-1.74	0.72	10.57
-1.66	0.6	11.01
-1.89	0.63	10.85
-1.73	0.25	10.57
-1.74	-0.08	10.96
-1.38	-0.36	10.65
-1.37	-0.63	10.36
-1.25	-0.41	10.68
-1.52	-0.83	10.88
-1.74	-0.69	10.98
-2.02	-0.01	10.73
-2.17	0.37	10.3
-2.1	0	10.38
-1.83	-0.4	10.61
-1.84	-0.61	10.73
-2.05	-0.18	10.76
-1.95	-0.46	10.8
-1.99	-0.48	10.8
-1.95	-0.53	10.61
-1.85	-0.62	10.52
-1.8	-0.51	10.57
-2.09	-0.36	10.88
-2.2	0.13	10.77
-2.29	0.17	10.79
-2.34	-0.6	10.58
-2.2	-0.5	10.44
-1.87	-0.38	10.54
-1.94	-0.67	10.61
-1.8	-0.13	10.79
-1.93	-0.04	10.56
-2.25	-0.36	10.45
-2.27	-0.7	10.7
-2.52	-0.49	10.55
-2.35	0.12	10.39
-2.14	-0.28	10.72
-2.13	-0.64	10.65
-2.23	-0.4	10.55
-1.99	-0.48	10.59
-2.2	-0.53	10.65
-2.04	-0.09	10.47
-1.99	-0.36	10.72
-2.07	-0.13	10.7
-2.18	-0.12	10.64
